2604670617
2604670750
2604670852
2604670935
2604671357
2604671446
2604671591
2604566500
2604671794
2604672042
2604672417
2604672671
2604672749
2604672944
2604673338
2604673469
2604674512
2604674804
2604675042
2604675050
2604675271
2604675504
2604675576
2604675640
2604675681
2604675682
2604675797
2604676077
2604676079
2604676124
2604676215
2604676254
2604676365
2604676599
2604676794
2604676832
2604677337
2604677353
2604677508
2604677601
2604677627
2604677967
2604678061
2604678347
2604678419
2604678487
2604679381
2604679673
2604679792
2604680044
2604682909
2604685469
2604687504
2604689526
2604689740
2604690597
2604690698
2604691410
2604692442
2604692444
2604692525
2604692555
2604692626
2604692666
2604692777
2604692882
2604692929
2604693000
2604693003
2604693030
2604693244
2604693333
2604693434
2604693443
2604693553
2604693636
2604693737
2604693777
2604693939
2604693993
2604693999
2604694000
2604694004
2604694012
2604694111
2604696345
2604696749
2604696878
2604697255
2604697267
2604697450
2604697451
2604697452
2604697454
2604697455
2604697456
2604697460
2604697461
2604697462
2604697464
2604697468
2604697469
2604699755
2604801088
2604801227
2604802315
2604802597
2604802796
2604802973
2604803876
2604803927
2604803999
2604805216
2604806635
2604807649
2604807717
2604807792
2604807810
2604808029
2604809369
2604810299
2604810791
2604811082
2604811666
2604812943
2604813007
2604813349
2604813385
2604814270
2604814464
2604814830
2604816009
2604816042
2604816056
2604816349
2604816623
2604816642
2604816691
2604816830
2604817500
2604818020
2604818119
2604819353
2604819447
2604820000
2604820331
2604820787
2604821057
2604821189
2604822965
2604823408
2604823595
2604824840
2604825349
2604825356
2604825702
2604826655
2604827564
2604828369
2604828669
2604829269
2604842661
2604845586
2604847214
2604847313
2604848853
2604849687
2604849841
2604849979
2604002367
2604004460
2604010883
2604012344
2604015410
2604029568
2604031596
2604034736
2604036058
2604044390
2604049005
2604049147
2604050154
2604050368
2604050675
2604052043
2604052995
2604053225
2604055879
2604059281
2604059952
2604064247
2604203781
2604221515
2604222755
2604223105
2604223818
2604225508
2604231576
2604235793
2604237265
2604237626
2604238919
2604239049
2604239641
2604266661
2604272804
2604279557
2604296646
2604298406
2604301809
2604303362
2604305758
2604305808
2604306209
2604306765
2604307827
2604308698
2604310384
2604311675
2604313296
2604318600
2604318905
2604319668
2604321352
2604321697
2604321906
2604322067
2604323311
2604327556
2604327900
2604327901
2604328886
2604329111
2604331843
2604336528
2604346684
2604347841
2604349090
2604350227
2604374945
2604380662
2604383816
2604386432
2604386709
2604387400
2604387882
2604390836
2604391363
2604391998
2604393128
2604393832
2604393849
2604400094
2604400894
2604401080
2604401161
2604401228
2604401243
2604401417
2604402003
2604402361
2604403729
2604403897
2604404230
2604404329
2604404368
2604404380
2604404382
2604405108
2604405171
2604405827
2604406198
2604406231
2604406356
2604406640
2604406777
2604407163
2604407435
2604407648
2604407675
2604407683
2604408108
2604408436
2604408988
2604408993
2604409127
2604409181
2604409383
2604409677
2604412160
2604414036
2604416013
2604416016
2604418782
2604481746
2604481747
2604481991
2604482034
2604482102
2604482242
2604482461
2604483448
2604483721
2604483741
2604498002
2604498097
2604498329
2604498748
2604498832
2604498864
2604500121
2604500722
2604503834
2604505889
2604513143
2604514841
2604515288
2604515376
2604518125
2604518184
2604518451
2604518472
2604518805
2604518813
2604518855
2604519388
2604519832
2604519930
2604530200
2604530454
2604530633
2604530706
2604530717
2604531015
2604531277
2604531306
2604531584
2604531595
2604531633
2604531663
2604531679
2604531835
2604531840
2604531975
2604532023
2604532075
2604532193
2604532371
2604532740
2604532919
2604533038
2604533063
2604533072
2604533245
2604533303
2604533484
2604533920
2604534380
2604534493
2604534494
2604534898
2604534925
2604534991
2604535048
2604535327
2604535474
2604536343
2604536400
2604536421
2604536460
2604536474
2604536600
2604536700
2604537210
2604537446
2604537477
2604537556
2604537855
2604538176
2604538202
2604538302
2604538356
2604538394
2604538484
2604538744
2604538764
2604539222
2604539908
2604546482
2604546483
2604550271
2604550691
2604550730
2604554434
2604554683
2604557600
2604558539
2604558958
2604559836
2604559903
2604560230
2604562949
2604562971
2604562972
2604563065
2604566498
2604568801
2604570833
2604572578
2604572607
2604572758
2604572831
2604573181
2604573209
2604573488
2604573561
2604573980
2604574217
2604574255
2604574437
2604574577
2604574625
2604575051
2604575066
2604575351
2604576381
2604576409
2604576936
2604577605
2604577871
2604578448
2604578992
2604579177
2604579200
2604579260
2604579280
2604579311
2604579964
2604579969
2604580076
2604580083
2604581702
2604582222
2604583164
2604587255
2604587418
2604587513
2604587514
2604588647
2604590088
2604590224
2604590236
2604590290
2604590387
2604590663
2604590707
2604590708
2604590972
2604591149
2604591226
2604591454
2604591456
2604591550
2604591654
2604591655
2604591732
2604592039
2604592117
2604592915
2604593962
2604594409
2604594681
2604594967
2604595200
2604595243
2604595275
2604595277
2604595808
2604596082
2604596094
2604596543
2604596720
2604596843
2604596862
2604597069
2604597194
2604597403
2604597474
2604597684
2604597803
2604597859
2604597909
2604598369
2604599053
2604599519
2604599548
2604599885
2604599916
2604599939
2604600031
2604600245
2604600379
2604600929
2604600930
2604600932
2604601138
2604601157
2604601395
2604601782
2604602776
2604603082
2604603783
2604603955
2604604089
2604604450
2604604518
2604605033
2604605060
2604605181
2604605345
2604606376
2604606399
2604606667
2604607007
2604607078
2604607614
2604608245
2604608484
2604608485
2604608486
2604608803
2604608941
2604609062
2604609075
2604609081
2604609323
2604609439
2604609906
2604611780
2604612024
2604613018
2604613147
2604617090
2604617130
2604617590
2604618025
2604618377
2604618511
2604619607
2604619637
2604621514
2604623109
2604623250
2604623504
2604623887
2604626672
2604626869
2604627624
2604627701
2604628904
2604630245
2604630316
2604630751
2604630798
2604630858
2604631004
2604631196
2604631214
2604631313
2604631324
2604632076
2604632242
2604632344
2604632510
2604632707
2604632816
2604633319
2604633502
2604633580
2604633598
2604633683
2604633685
2604633826
2604634831
2604635176
2604635436
2604635559
2604635573
2604635928
2604636365
2604636395
2604636647
2604637065
2604637353
2604637503
2604637817
2604638140
2604638686
2604638882
2604639235
2604639355
2604639475
2604640682
2604640720
2604641562
2604643451
2604643577
2604644267
2604644807
2604644938
2604646438
2604646516
2604646554
2604650838
2604651288
2604651980
2604653609
2604653610
2604653614
2604653974
2604657594
2604660319
2604661102
2604661152
2604661656
2604662002
2604662350
2604662687
2604662715
2604663322
2604663343
2604663768
2604664096
2604664321
2604664826
2604664939
2604665482
2604665549
2604666067
2604666255
2604666616
2604667466
2604667600
2604667857
2604668092
2604669088
2604669195
2604669975
2604670195
2604670293
2604670623
2604670664
2604670795
2604670994
2604671725
2604671872
2604672097
2604672290
2604672861
2604674400
2604674481
2604674600
2604674633
2604674664
2604674718
2604674853
2604674902
2604674966
2604675365
2604675444
2604675767
2604675859
2604676083
2604676100
2604677415
2604678299
2604678351
2604678475
2604679246
2604679757
2604680069
2604682783
2604683435
2604685396
2604685398
2604685399
2604687679
2604689229
2604689428
2604690617
2604691346
2604692214
2604694090
2604697029
2604697186
2604697227
2604697253
2604697257
2604697259
2604697261
2604699709
2604800006
2604800593
2604800615
2604800801
2604800909
2604801865
2604805686
2604806878
2604807041
2604807488
2604807744
2604808152
2604810301
2604810724
2604810739
2604811076
2604812015
2604812103
2604812104
2604812361
2604813017
2604813080
2604813418
2604814060
2604816017
2604816804
2604817373
2604817676
2604818097
2604818579
2604818585
2604818951
2604820102
2604820108
2604821097
2604821425
2604822067
2604822077
2604823315
2604824076
2604824206
2604825160
2604826111
2604826363
2604826440
2604826959
2604827495
2604828223
2604828309
2604828400
2604828583
2604828761
2604547630
2604571091
2604574275
2604580644
2604590744
2604595884
2604597910
2604599558
2604606840
2604633648
2604647626
2604653719
2604654743
2604664825
2604664926
2604666112
2604667043
2604668169
2604669139
2604676909
2604681467
2604688644
2604800359
2604800919
2604802384
2604802986
2604803269
2604812475
2604817649
2604820682
2604822026
2604827204
2604827398
2604843504
2604844058
2604844688
2604845187
2604848877
2604849938
2604008532
2604012575
2604034053
2604040149
2604040171
2604041266
2604042502
2604043465
2604056880
2604056987
2604059222
2604061351
2604064927
2604090691
2604201060
2604203050
2604222619
2604222700
2604222846
2604223410
2604232796
2604233891
2604237727
2604300575
2604311371
2604314350
2604320446
2604320733
2604323019
2604323118
2604327089
2604334271
2604335178
2604337193
2604337246
2604337370
2604344537
2604347817
2604350911
2604352411
2604352906
2604359685
2604383066
2604387024
2604393866
2604400554
2604404589
2604404806
2604404829
2604404840
2604405001
2604405040
2604406031
2604406783
2604407538
2604407797
2604417126
2604483405
2604501526
2604511296
2604517051
2604517052
2604517053
2604517054
2604517055
2604517056
2604518092
2604530700
2604530996
2604531001
2604531371
2604532462
2604532559
2604533053
2604533145
2604534499
2604534764
2604534968
2604536018
2604536332
2604537829
2604539180
2604546597
2604554967
2604557008
2604558741
2604571262
2604572591
2604573010
2604575025
2604575880
2604576450
2604579664
2604586940
2604587053
2604587412
2604591231
2604591944
2604592652
2604592818
2604595546
2604596907
2604598200
2604598490
2604598554
2604598998
2604599891
2604599988
2604599992
2604600775
2604601420
2604602016
2604602144
2604603371
2604603581
2604604095
2604606490
2604607496
2604607936
2604610173
2604614999
2604623476
2604626357
2604626692
2604627953
2604628935
2604632106
2604632107
2604632827
2604634398
2604635723
2604636713
2604637693
2604637765
2604637921
2604638955
2604641120
2604643629
2604644659
2604645331
2604648438
2604652522
2604653983
2604660733
2604661139
2604662972
2604663732
2604664348
2604667151
2604668042
2604669141
2604670670
2604670762
2604671058
2604673141
2604673361
2604675055
2604800396
2604800958
2604801370
2604803409
2604803735
2604805137
2604808582
2604816196
2604817966
2604820320
2604822323
2604822825
2604823416
2604828350
2604828762
2604841364
2604842069
2604300067
2604300089
2604300106
2604300115
2604300144
2604300155
2604300263
2604300325
2604300346
2604300373
2604300387
2604300411
2604300463
2604300467
2604300509
2604300510
2604300511
2604300568
2604300583
2604300584
2604300618
2604300683
2604300684
2604300685
2604300686
2604300688
2604300766
2604300798
2604300800
2604300815
2604300894
2604300925
2604300946
2604300967
2604300972
2604301082
2604301106
2604301377
2604301473
2604301496
2604301530
2604301618
2604301639
2604301640
2604301677
2604301757
2604301758
2604301760
2604301761
2604301766
2604301767
2604301768
2604301769
2604301770
2604301772
2604301773
2604301774
2604301781
2604301826
2604302070
2604302081
2604302084
2604302181
2604302183
2604302231
2604302261
2604302263
2604302302
2604302307
2604302308
2604302309
2604302316
2604302326
2604302328
2604302369
2604302370
2604302400
2604302564
2604302599
2604302617
2604302642
2604302643
2604302674
2604302684
2604302748
2604302790
2604302812
2604302889
2604302948
2604303060
2604303069
2604303150
2604303165
2604303217
2604303257
2604303345
2604303452
2604303484
2604303504
2604303565
2604303575
2604303588
2604303672
2604303692
2604303745
2604303746
2604303747
2604303748
2604303749
2604303750
2604303751
2604303752
2604303753
2604303754
2604303755
2604303756
2604303757
2604303758
2604303806
2604303808
2604303841
2604303863
2604303885
2604303889
2604303929
2604303996
2604304006
2604304009
2604304026
2604304050
2604304059
2604304088
2604304106
2604304136
2604304137
2604304138
2604304219
2604304226
2604304227
2604304228
2604304229
2604304230
2604304239
2604304247
2604304328
2604304344
2604304359
2604304362
2604304381
2604304530
2604304541
2604304558
2604304687
2604304701
2604304803
2604304809
2604304820
2604304821
2604305086
2604305113
2604305305
2604305355
2604305356
2604305357
2604305359
2604305360
2604305363
2604305364
2604305365
2604305367
2604305369
2604305370
2604305483
2604305600
2604305617
2604305649
2604305679
2604305722
2604305751
2604305783
2604305784
2604305799
2604305802
2604305838
2604305889
2604306015
2604306036
2604306078
2604306133
2604306229
2604306299
2604306339
2604306366
2604306367
2604306609
2604306850
2604306892
2604306894
2604306910
2604306992
2604306995
2604307021
2604307075
2604307080
2604307150
2604307176
2604307179
2604307183
2604307295
2604307299
2604307343
2604307356
2604307357
2604307422
2604307424
2604307425
2604307426
2604307488
2604307528
2604307567
2604307568
2604307634
2604307669
2604307697
2604307755
2604307790
2604307792
2604307814
2604307822
2604307928
2604307929
2604307944
2604308015
2604308016
2604308017
2604308018
2604308019
2604308020
2604308021
2604308022
2604308023
2604308024
2604308025
2604308026
2604308027
2604308028
2604308029
2604308030
2604308031
2604308032
2604308033
2604308034
2604308035
2604308036
2604308037
2604308038
2604308039
2604308040
2604308041
2604308042
2604308043
2604308044
2604308045
2604308046
2604308047
2604308048
2604308049
2604308050
2604308051
2604308052
2604308053
2604308054
2604308055
2604308056
2604308057
2604308058
2604308059
2604308060
2604308061
2604308062
2604308063
2604308064
2604308065
2604308066
2604308067
2604308068
2604308069
2604308070
2604419591
2604419593
2604419617
2604419621
2604419626
2604419630
2604419631
2604419668
2604419672
2604419675
2604419690
2604419692
2604419695
2604419697
2604419701
2604419718
2604419738
2604419754
2604419756
2604419774
2604419793
2604419795
2604419812
2604419822
2604419825
2604419839
2604419862
2604419870
2604419884
2604419888
2604419916
2604419917
2604419918
2604419925
2604419927
2604419934
2604419938
2604419944
2604419958
2604419970
2604419991
2604419995
2604419996
2604423743
2604429659
2604430250
2604430955
2604431189
2604432469
2604432488
2604434415
2604513002
2604513003
2604513009
2604513016
2604513018
2604513022
2604513027
2604513038
2604513046
2604513054
2604513072
2604513077
2604513079
2604513084
2604513089
2604513095
2604513118
2604513134
2604513138
2604513139
2604513141
2604513150
2604513151
2604513169
2604513175
2604513206
2604513208
2604513210
2604513225
2604513233
2604513235
2604513238
2604513253
2604513269
2604513302
2604513324
2604513338
2604513354
2604513358
2604513359
2604513361
2604513369
2604513378
2604513393
2604513417
2604513422
2604513424
2604513444
2604513461
2604513463
2604513497
2604513516
2604513527
2604513535
2604513539
2604513546
2604513556
2604513563
2604513570
2604513579
2604513583
2604513589
2604513593
2604513600
2604513614
2604513616
2604513655
2604513669
2604513671
2604513675
2604513684
2604513691
2604513714
2604513727
2604513738
2604513741
2604513754
2604513758
2604513769
2604513770
2604513771
2604513784
2604513785
2604513795
2604513809
2604513812
2604513845
2604513854
2604513873
2604513875
2604513888
2604513890
2604513896
2604513924
2604513936
2604513944
2604513955
2604513965
2604514022
2604514032
2604514041
2604514046
2604514061
2604514068
2604514086
2604514091
2604514092
2604514094
2604514097
2604514098
2604514109
2604514117
2604514129
2604514130
2604514135
2604514141
2604514146
2604514148
2604514160
2604514163
2604514167
2604514171
2604514177
2604514178
2604514179
2604514199
2604514203
2604514221
2604514223
2604514227
2604514229
2604514231
2604514242
2604514274
2604514286
2604514304
2604514307
2604514308
2604514322
2604514324
2604514331
2604514333
2604514339
2604514342
2604514345
2604514349
2604514371
2604514372
2604514387
2604514400
2604514402
2604514406
2604514413
2604514420
2604514423
2604514430
2604514468
2604514471
2604514494
2604514505
2604514531
2604514545
2604514565
2604514587
2604514593
2604514609
2604514615
2604514622
2604514623
2604514637
2604514641
2604514643
2604514644
2604514685
2604514688
2604514699
2604514700
2604514748
2604514774
2604514799
2604514818
2604514843
2604514864
2604514895
2604514902
2604514932
2604514933
2604514934
2604514935
2604514942
2604514944
2604514953
2604514956
2604514964
2604514982
2604514997
2604514998
2604515000
2604515005
2604515013
2604515042
2604515056
2604515062
2604515081
2604515083
2604515084
2604515121
2604515128
2604515136
2604515144
2604515148
2604515169
2604515184
2604515185
2604515196
2604515200
2604515207
2604515214
2604515231
2604515240
2604515260
2604515263
2604515274
2604515293
2604515315
2604515318
2604515341
2604515344
2604515353
2604515360
2604515369
2604515380
2604515382
2604515398
2604515405
2604515415
2604515423
2604515435
2604515440
2604515444
2604515449
2604515484
2604515510
2604515515
2604515517
2604515521
2604515548
2604515580
2604515581
2604515592
2604515615
2604515625
2604515637
2604515644
2604515671
2604515697
2604515700
2604515787
2604515791
2604515798
2604515799
2604515800
2604515805
2604515815
2604515828
2604515864
2604515890
2604515891
2604515910
2604515919
2604515924
2604515933
2604515936
2604515941
2604515950
2604515975
2604516001
2604516014
2604516016
2604516017
2604516018
2604516019
2604516022
2604516031
2604516034
2604516036
2604516038
2604516049
2604516051
2604516069
2604516070
2604516083
2604516085
2604516104
2604516113
2604516117
2604516120
2604516126
2604516190
2604516198
2604516207
2604516208
2604516210
2604516226
2604516253
2604516258
2604516264
2604516274
2604516275
2604516276
2604516294
2604516300
2604516305
2604516313
2604516336
2604516360
2604516398
2604516412
2604516417
2604516429
2604516448
2604516490
2604516499
2604516534
2604516566
2604516573
2604516587
2604516590
2604516603
2604516611
2604516652
2604516665
2604516682
2604516698
2604516703
2604516722
2604516730
2604516732
2604516733
2604516734
2604516744
2604516770
2604516777
2604516786
2604516787
2604516791
2604516792
2604516803
2604516809
2604516814
2604516840
2604516849
2604516948
2604516983
2604516985
2604516987
2604516988
2604516989
2604516991
2604517014
2604517015
2604517031
2604517044
2604517045
2604517047
2604517048
2604517050
2604517057
2604517058
2604517060
2604517079
2604517084
2604517090
2604517093
2604517094
2604517111
2604517156
2604517160
2604517163
2604517170
2604517173
2604517188
2604517190
2604517195
2604517198
2604517205
2604517240
2604517247
2604517253
2604517261
2604517268
2604517270
2604517279
2604517281
2604517283
2604517311
2604517313
2604517323
2604517327
2604517337
2604517368
2604517379
2604517382
2604517395
2604517401
2604517406
2604517419
2604517438
2604517444
2604517456
2604517498
2604517520
2604517529
2604517565
2604517572
2604517573
2604517590
2604517592
2604517595
2604517649
2604517654
2604517665
2604517691
2604517714
2604517720
2604517771
2604517776
2604517787
2604517794
2604517803
2604517865
2604517872
2604517887
2604517898
2604517899
2604517900
2604517901
2604517902
2604517949
2604517954
2604517961
2604517967
2604517968
2604517974
2604517990
2604517993
2604545030
2604545038
2604545081
2604545091
2604563862
2604563868
2604563875
2604563883
2604563886
2604563890
2604563918
2604563923
2604563936
2604563937
2604563941
2604563944
2604563950
2604563957
2604563970
2604563974
2604563984
2604563986
2604563997
2604564012
2604564037
2604564045
2604564064
2604564070
2604564115
2604564118
2604564120
2604564124
2604564129
2604564135
2604564136
2604564156
2604564158
2604564202
2604564206
2604564236
2604564245
2604564246
2604564281
2604564301
2604564312
2604564323
2604564334
2604564339
2604564340
2604564363
2604564395
2604564405
2604564425
2604564440
2604564485
2604564490
2604564494
2604564514
2604564526
2604564536
2604564560
2604564574
2604564587
2604564591
2604564616
2604564617
2604564618
2604564619
2604564633
2604564635
2604564640
2604564659
2604564660
2604564664
2604564666
2604564688
2604564690
2604564706
2604564712
2604564729
2604564730
2604564734
2604564737
2604564749
2604564752
2604564773
2604564809
2604564834
2604564843
2604564881
2604564884
2604564898
2604564913
2604564916
2604564928
2604564979
2604564984
2604564990
2604565000
2604565001
2604565002
2604565016
2604565029
2604565040
2604565043
2604565048
2604565069
2604565076
2604565084
2604565092
2604565105
2604565117
2604565137
2604565138
2604565152
2604565163
2604565185
2604565201
2604565230
2604565258
2604565267
2604565271
2604565274
2604565300
2604565321
2604565345
2604565351
2604565352
2604565360
2604565386
2604565401
2604565416
2604565431
2604565447
2604565450
2604565470
2604565497
2604565500
2604565503
2604565504
2604565505
2604565506
2604565507
2604565508
2604565509
2604565510
2604565511
2604565512
2604565513
2604565514
2604565515
2604565516
2604565517
2604565518
2604565519
2604565520
2604565523
2604565526
2604565527
2604565528
2604565529
2604565530
2604565531
2604565532
2604565533
2604565534
2604565535
2604565536
2604565537
2604565538
2604565539
2604565540
2604565541
2604565542
2604565543
2604565544
2604565546
2604565565
2604565594
2604565608
2604565610
2604565611
2604565612
2604565613
2604565614
2604565615
2604565616
2604565617
2604565618
2604565619
2604565620
2604565621
2604565622
2604565623
2604565624
2604565625
2604565626
2604565627
2604565628
2604565629
2604565630
2604565631
2604565632
2604565634
2604565635
2604565636
2604565637
2604565638
2604565639
2604565645
2604565646
2604565647
2604565648
2604565649
2604565650
2604565651
2604565652
2604565655
2604565659
2604565675
2604565687
2604565695
2604565711
2604565712
2604565729
2604565759
2604565772
2604565792
2604565793
2604565794
2604565795
2604565797
2604565798
2604565799
2604565800
2604565809
2604565833
2604565853
2604565857
2604565871
2604565877
2604565883
2604565900
2604565913
2604565925
2604565958
2604565975
2604565979
2604565980
2604565999
2604566008
2604566016
2604566034
2604566046
2604566049
2604566064
2604566078
2604566094
2604566104
2604566110
2604566132
2604566143
2604566188
2604566190
2604566196
2604566223
2604566242
2604566250
2604566274
2604566278
2604566338
2604566436
2604566439
2604566446
2604566476
2604566486
2604566497
2604566533
2604566550
2604566559
2604566560
2604566609
2604566670
2604566709
2604566717
2604566734
2604566761
2604566766
2604566788
2604566794
2604566873
2604566882
2604566925
2604566936
2604566949
2604566969
2604566978
2604566981
2604567002
2604567014
2604567018
2604567030
2604567039
2604567061
2604567080
2604567092
2604567099
2604337355
2604410890
2604567134
2604567136
2604567137
2604567144
2604567160
2604567183
2604567187
2604567224
2604567236
2604567252
2604567257
2604567285
2604567293
2604567294
2604567326
2604567339
2604567343
2604567349
2604567377
2604567380
2604567403
2604567433
2604567439
2604567446
2604567451
2604567463
2604567466
2604567471
2604567480
2604567495
2604567501
2604567502
2604567504
2604567524
2604567528
2604567552
2604567557
2604567561
2604567594
2604567619
2604567637
2604567638
2604567706
2604567713
2604567716
2604567735
2604567752
2604567762
2604567776
2604567793
2604567805
2604567833
2604567850
2604567879
2604567893
2604567917
2604567923
2604567938
2604567954
2604567959
2604567962
2604567969
2604567971
2604567997
2604568008
2604568016
2604568030
2604568051
2604568080
2604568081
2604568093
2604568102
2604568121
2604568136
2604568143
2604568156
2604568158
2604568199
2604568203
2604568209
2604568212
2604568226
2604568235
2604568240
2604568245
2604568252
2604568253
2604568294
2604568302
2604568317
2604568319
2604568331
2604568368
2604568382
2604568383
2604568393
2604568400
2604568405
2604568406
2604568421
2604568425
2604568429
2604568430
2604568486
2604568491
2604568513
2604568522
2604568525
2604568533
2604568559
2604568564
2604568566
2604568568
2604568578
2604568589
2604568615
2604568623
2604568632
2604568653
2604568656
2604568664
2604568666
2604568689
2604568695
2604568705
2604568720
2604568722
2604568723
2604568724
2604568725
2604568755
2604568765
2604568814
2604568822
2604568824
2604568825
2604568826
2604568830
2604568839
2604568876
2604568882
2604568900
2604568924
2604568926
2604568946
2604568950
2604568966
2604568980
2604568993
2604568994
2604569000
2604569007
2604569009
2604569018
2604569019
2604569020
2604569068
2604569077
2604569081
2604569092
2604569094
2604569095
2604569117
2604569131
2604569136
2604569137
2604569151
2604569158
2604569177
2604569207
2604569218
2604569219
2604569240
2604569244
2604569260
2604569262
2604569299
2604569303
2604569315
2604569318
2604569320
2604569346
2604569353
2604569365
2604569376
2604569412
2604569416
2604569425
2604569430
2604569437
2604569438
2604569449
2604569455
2604569458
2604569466
2604569468