2604590468
2604590718
2604590719
2604591462
2604846626
2604566500
2604591463
2604591465
2604591469
2604591558
2604591592
2604591660
2604591667
2604591677
2604591688
2604591775
2604592020
2604592300
2604592635
2604592773
2604592929
2604593013
2604593168
2604593332
2604593366
2604593367
2604593907
2604593983
2604594021
2604594171
2604594609
2604595055
2604595164
2604595235
2604595279
2604595298
2604595300
2604595305
2604595438
2604595463
2604595727
2604595776
2604596343
2604596363
2604596460
2604596880
2604597045
2604597192
2604597827
2604598079
2604598088
2604598244
2604598292
2604598351
2604599269
2604599526
2604599643
2604600125
2604600594
2604600611
2604600637
2604600913
2604600983
2604601393
2604601631
2604602025
2604602121
2604602128
2604602309
2604602628
2604602732
2604603043
2604603447
2604603964
2604603965
2604604107
2604604239
2604604455
2604604463
2604604809
2604605115
2604605543
2604605885
2604606457
2604606758
2604606989
2604607249
2604607546
2604607645
2604607692
2604607721
2604608100
2604608110
2604608949
2604609015
2604609447
2604610229
2604611128
2604612112
2604612940
2604613984
2604615061
2604615430
2604615811
2604617347
2604617382
2604617669
2604617728
2604617786
2604618593
2604618961
2604619149
2604619695
2604622672
2604623781
2604627814
2604628875
2604630015
2604630034
2604630035
2604630057
2604630203
2604630350
2604630437
2604630878
2604630999
2604631065
2604631259
2604631338
2604632091
2604632253
2604632643
2604632777
2604632864
2604632960
2604633018
2604633465
2604633572
2604633593
2604634195
2604634300
2604634757
2604634826
2604635248
2604635418
2604635545
2604635682
2604635819
2604636163
2604636675
2604636767
2604637203
2604637472
2604638163
2604638697
2604638703
2604638817
2604639274
2604639898
2604640180
2604640184
2604640188
2604640307
2604640652
2604641368
2604641410
2604641417
2604641911
2604649016
2604649313
2604650455
2604651350
2604651982
2604652848
2604655563
2604655835
2604655849
2604656131
2604656196
2604656405
2604656529
2604656532
2604656650
2604656801
2604656809
2604656814
2604656932
2604657009
2604657108
2604657109
2604657122
2604657171
2604657296
2604657338
2604657361
2604657681
2604657837
2604658033
2604658074
2604658200
2604658219
2604658312
2604658338
2604658358
2604658455
2604658470
2604658555
2604658580
2604658739
2604658740
2604658751
2604658873
2604658970
2604658976
2604659001
2604659018
2604659020
2604659059
2604659074
2604660243
2604660365
2604660513
2604660713
2604661094
2604661392
2604661446
2604661543
2604661641
2604661756
2604662274
2604662332
2604662333
2604662353
2604663360
2604663446
2604663538
2604664126
2604664177
2604664308
2604664605
2604664846
2604665116
2604665662
2604665918
2604666258
2604666442
2604667618
2604669021
2604669913
2604670313
2604670500
2604670616
2604670617
2604634040
2604634041
2604634044
2604634045
2604634416
2604634563
2604634610
2604634612
2604634847
2604635109
2604635333
2604635368
2604635563
2604635820
2604636135
2604636195
2604636363
2604636608
2604636741
2604636969
2604637211
2604637412
2604638307
2604638363
2604638787
2604638856
2604638857
2604639003
2604639701
2604639725
2604639761
2604639777
2604639780
2604640049
2604640113
2604640658
2604640707
2604640804
2604640835
2604641208
2604641230
2604641232
2604641321
2604641915
2604641969
2604642323
2604643055
2604643151
2604643597
2604643598
2604644834
2604645055
2604645059
2604646890
2604647452
2604648265
2604648491
2604648650
2604648782
2604649293
2604649374
2604649570
2604652384
2604652573
2604654130
2604655640
2604656719
2604657720
2604658103
2604658603
2604658652
2604658698
2604659676
2604659678
2604660299
2604660787
2604660909
2604661142
2604661181
2604661277
2604661303
2604661520
2604661946
2604662262
2604662396
2604662471
2604662836
2604662909
2604663028
2604663097
2604663270
2604663389
2604663403
2604664434
2604664621
2604664865
2604664925
2604665078
2604665110
2604666675
2604667075
2604667418
2604667873
2604668100
2604668168
2604668226
2604668299
2604668433
2604668507
2604668560
2604668962
2604669347
2604670409
2604671057
2604671292
2604671308
2604671391
2604671981
2604672288
2604672310
2604672520
2604672578
2604673537
2604673606
2604673696
2604673719
2604673806
2604673807
2604673860
2604674018
2604674346
2604674583
2604675587
2604675629
2604675780
2604675817
2604675846
2604676036
2604676465
2604676732
2604676770
2604676857
2604676938
2604677031
2604677181
2604677195
2604677335
2604677421
2604677610
2604677729
2604677985
2604678205
2604678338
2604678493
2604678659
2604678684
2604679270
2604679597
2604679800
2604679845
2604679850
2604679880
2604680028
2604680274
2604680726
2604684009
2604684073
2604684309
2604685281
2604685707
2604686552
2604686578
2604686604
2604687083
2604687733
2604689240
2604689286
2604689297
2604689332
2604690505
2604690550
2604690673
2604691089
2604692841
2604693609
2604694434
2604695032
2604695278
2604696511
2604696792
2604698222
2604698753
2604698754
2604698755
2604698756
2604699074
2604800186
2604800221
2604800307
2604800417
2604800449
2604800516
2604800647
2604801380
2604801736
2604801974
2604802097
2604802586
2604802734
2604803126
2604803590
2604803806
2604804414
2604805007
2604805010
2604805040
2604805470
2604805476
2604805852
2604806033
2604806771
2604807111
2604807517
2604808100
2604808975
2604808976
2604809880
2604810733
2604811001
2604811724
2604811963
2604812483
2604814167
2604815743
2604815751
2604816371
2604816448
2604817175
2604817504
2604817947
2604818432
2604818433
2604818655
2604819122
2604819643
2604820220
2604820574
2604820704
2604820739
2604820807
2604820999
2604821011
2604821613
2604821784
2604821948
2604822166
2604822260
2604823961
2604823982
2604824377
2604824729
2604825142
2604826505
2604827080
2604827161
2604827401
2604828040
2604828441
2604829476
2604829512
2604829573
2604829624
2604829697
2604840164
2604840626
2604841073
2604841219
2604841250
2604841398
2604842277
2604843071
2604844328
2604844737
2604844754
2604845351
2604845557
2604845842
2604846176
2604846500
2604846900
2604847455
2604847575
2604847590
2604847637
2604849117
2604849223
2604000946
2604003955
2604006125
2604013277
2604013776
2604016629
2604016992
2604017808
2604020240
2604024431
2604028062
2604029072
2604029096
2604031619
2604032839
2604033446
2604037870
2604040033
2604040056
2604040808
2604040940
2604041684
2604041920
2604042654
2604044612
2604046853
2604047315
2604047791
2604047804
2604049039
2604049136
2604049485
2604049780
2604050650
2604051269
2604051790
2604053822
2604054141
2604054739
2604055628
2604056161
2604056209
2604056704
2604057785
2604059724
2604060003
2604060714
2604060984
2604061322
2604061944
2604062314
2604062368
2604064425
2604064431
2604064953
2604200028
2604202427
2604206680
2604221091
2604221689
2604221943
2604223462
2604223711
2604224779
2604225112
2604225261
2604225326
2604225570
2604225922
2604230253
2604230313
2604230806
2604230852
2604231423
2604231666
2604231724
2604232461
2604232769
2604233035
2604233554
2604233800
2604234097
2604234134
2604234189
2604234907
2604236237
2604236432
2604236881
2604236964
2604237073
2604237196
2604238060
2604239066
2604265735
2604270579
2604271118
2604275196
2604294344
2604296786
2604302454
2604302538
2604306585
2604307585
2604309106
2604310153
2604313190
2604314824
2604316041
2604316120
2604316398
2604317157
2604317652
2604317700
2604318273
2604319405
2604319902
2604320111
2604320271
2604320636
2604320637
2604320650
2604321353
2604321956
2604322014
2604322244
2604322561
2604322573
2604323110
2604323176
2604327361
2604328021
2604330209
2604331780
2604332718
2604332819
2604333001
2604333568
2604335523
2604336157
2604338487
2604340003
2604340413
2604342260
2604342391
2604344536
2604346742
2604346777
2604346862
2604347904
2604348310
2604348664
2604349637
2604349828
2604350622
2604350920
2604354463
2604356813
2604358522
2604359097
2604365880
2604366731
2604368104
2604374019
2604376017
2604379266
2604380391
2604383389
2604383948
2604383965
2604385216
2604385643
2604385890
2604385999
2604386712
2604386976
2604387168
2604387349
2604390089
2604390314
2604390773
2604391419
2604391948
2604392618
2604392713
2604392971
2604392981
2604393012
2604393300
2604393301
2604393538
2604393591
2604393653
2604393697
2604394487
2604394870
2604395354
2604395428
2604396496
2604396524
2604396800
2604397176
2604397462
2604398242
2604399486
2604400094
2604608623
2604608775
2604609817
2604612886
2604618586
2604618711
2604624002
2604624679
2604630323
2604631034
2604632639
2604632999
2604633094
2604634207
2604634878
2604636467
2604636547
2604636624
2604637399
2604637826
2604646025
2604646889
2604647069
2604661194
2604663373
2604663737
2604663838
2604663844
2604664559
2604664697
2604666430
2604676374
2604676555
2604678932
2604682469
2604689380
2604697153
2604699922
2604800070
2604801800
2604801945
2604806894
2604810106
2604811251
2604821577
2604823852
2604824531
2604824600
2604825050
2604825161
2604825468
2604828602
2604829592
2604840063
2604842620
2604845420
2604847255
2604849459
2604849531
2604008545
2604384513
2604571128
2604531290
2604595294
2604633777
2604404344
2604598194
2604652608
2604636775
2604652304
2604027910
2604584581
2604678516
2604483394
2604635687
2604603669
2604608888
2604676360
2604676758
2604348312
2604573091
2604049537
2604006425
2604533325
2604532175
2604676976
2604545404
2604622004
2604556670
2604807368
2604358539
2604651819
2604628845
2604322914
2604821004
2604575890
2604348284
2604620158
2604265086
2604551193
2604044782
2604056750
2604318388
2604237833
2604052019
2604408865
2604056065
2604048218
2604310611
2604551525
2604050728
2604573442
2604596490
2604058253
2604555620
2604000844
2604827970
2604590979
2604606102
2604577076
2604803019
2604538824
2604674647
2604636894
2604811560
2604320588
2604310900
2604806440
2604231193
2604669160
2604843349
2604573792
2604660589
2604660845
2604694743
2604306342
2604274608
2604482526
2604593875
2604352623
2604036615
2604552814
2604377540
2604615787
2604330232
2604027748
2604545982
2604404754
2604603436
2604603887
2604402136
2604539680
2604570814
2604679730
2604679679
2604539702
2604530267
2604533472
2604676232
2604608319
2604395742
2604396068
2604419408
2604613715
2604623473
2604006635
2604650270
2604513080
2604334523
2604690026
2604204947
2604690174
2604401839
2604394592
2604060017
2604223190
2604223737
2604233607
2604376846
2604380891
2604481554
2604534306
2604403237
2604654882
2604662113
2604231466
2604806609
2604601792
2604666918
2604660884
2604806623
2604815216
2604483053
2604004270
2604011272
2604011310
2604040131
2604042584
2604043446
2604043947
2604045351
2604047789
2604049692
2604049945
2604051389
2604056400
2604059510
2604060793
2604097613
2604221608
2604224475
2604231236
2604233128
2604237303
2604239754
2604286090
2604318623
2604318860
2604319542
2604319549
2604321006
2604321493
2604321878
2604323209
2604335152
2604338248
2604341574
2604348905
2604352492
2604353486
2604371754
2604372900
2604374205
2604374680
2604375776
2604384265
2604386354
2604390673
2604399671
2604402122
2604402477
2604402852
2604403567
2604405210
2604405927
2604406668
2604406888
2604409464
2604412152
2604413742
2604482590
2604482606
2604483047
2604498431
2604498555
2604514012
2604516867
2604519120
2604531232
2604532015
2604532062
2604532080
2604532131
2604533562
2604536061
2604536930
2604537667
2604545467
2604553131
2604559102
2604561205
2604561228
2604561229
2604565653
2604570173
2604570419
2604571088
2604574593
2604577900
2604577923
2604578414
2604579366
2604579430
2604581153
2604593095
2604593290
2604598900
2604599832
2604599859
2604601117
2604604171
2604605668
2604605830
2604608366
2604613883
2604616704
2604617417
2604617857
2604619523
2604626345
2604626560
2604627866
2604631148
2604631747
2604633133
2604635305
2604635972
2604636035
2604636262
2604637217
2604638035
2604640742
2604641766
2604641890
2604645982
2604646277
2604647177
2604650688
2604650734
2604650788
2604650798
2604664578
2604667159
2604667729
2604671202
2604672176
2604673283
2604673411
2604673436
2604674034
2604678291
2604678511
2604679161
2604694137
2604800262
2604802592
2604805167
2604806504
2604806666
2604811611
2604812107
2604812646
2604813000
2604815994
2604818475
2604819851
2604829084
2604840624
2604842868
2604846450
2604847821
2604848023
2604849595
2604669901
2604385360
2604638458
2604533019
2604631027
2604054855
2604555052
2604060191
2604060200
2604311712
2604374756
2604221982
2604221983
2604232127
2604401212
2604371019
2604482248
2604004669
2604659852
2604533738
2604800505
2604221328
2604386935
2604058959
2604641941
2604360962
2604235717
2604394460
2604578199
2604675471
2604677377
2604396714
2604586532
2604416134
2604632629
2604646712
2604530729
2604617554
2604338876
2604632630
2604691099
2604632802
2604402239
2604617425
2604576660
2604410266
2604349323
2604849773
2604356290
2604232224
2604359403
2604533851
2604320353
2604576552
2604314383
2604401800
2604416321
2604686473
2604405564
2604805467
2604539291
2604394253
2604225230
2604696122
2604623439
2604609471
2604605503
2604300440
2604801153
2604576310
2604042052
2604605717
2604339909
2604230070
2604653190
2604546410
2604546409
2604091460
2604275231
2604597327
2604365556
2604846862
2604402486
2604847810
2604844639
2604848100
2604841771
2604051016
2604546261
2604538793
2604606086
2604572321
2604032248
2604307406
2604691436
2604693540
2604393930
2604618311
2604826589
2604664273
2604660757
2604003293
2604009066
2604009135
2604024968
2604033970
2604034486
2604038472
2604043733
2604047632
2604049230
2604051512
2604055891
2604058189
2604058589
2604059954
2604064611
2604092433
2604096172
2604202680
2604224094
2604224324
2604232877
2604268311
2604314678
2604318862
2604319493
2604323048
2604330500
2604333528
2604353859
2604363943
2604383000
2604390985
2604391241
2604394387
2604408649
2604409891
2604412904
2604413711
2604414511
2604498026
2604504800
2604508420
2604518110
2604518374
2604547117
2604547630
2604414584
2604414601
2604414607
2604414609
2604414610
2604414622
2604414647
2604414678
2604414687
2604414693
2604414695
2604414722
2604414724
2604414733
2604414736
2604414737
2604414755
2604414766
2604414772
2604414803
2604414806
2604414810
2604414811
2604414815
2604414817
2604414834
2604414844
2604414852
2604414858
2604414876
2604414886
2604414891
2604414896
2604414897
2604414903
2604414919
2604414940
2604414947
2604414957
2604414958
2604414959
2604414972
2604414974
2604414980
2604414985
2604414986
2604414996
2604414997
2604414998
2604414999
2604415005
2604415006
2604415019
2604415035
2604415050
2604415056
2604415076
2604415095
2604415101
2604415109
2604415116
2604415117
2604415118
2604415131
2604415140
2604415142
2604415143
2604415160
2604415167
2604415168
2604415169
2604415182
2604415193
2604415210
2604415211
2604415228
2604415245
2604415266
2604415268
2604415280
2604415293
2604415312
2604415316
2604415318
2604415320
2604415342
2604415345
2604415366
2604415367
2604415370
2604415376
2604415388
2604415405
2604415408
2604415419
2604415431
2604415436
2604415439
2604415452
2604415480
2604415481
2604415483
2604415506
2604415517
2604415524
2604415566
2604415591
2604415607
2604415608
2604415631
2604415650
2604415651
2604415652
2604415653
2604415667
2604415668
2604415686
2604415688
2604415693
2604415695
2604415696
2604415699
2604415709
2604415715
2604415725
2604415732
2604415752
2604415753
2604415755
2604415775
2604415778
2604415780
2604415781
2604415783
2604415784
2604415785
2604415786
2604415787
2604415788
2604415790
2604415791
2604415806
2604415831
2604415834
2604415839
2604415841
2604415852
2604415859
2604415874
2604415879
2604415881
2604415890
2604415898
2604415920
2604415949
2604415953
2604415974
2604415975
2604415977
2604415978
2604415989
2604416002
2604416012
2604416023
2604416027
2604416028
2604416029
2604416030
2604416034
2604416035
2604416036
2604416037
2604416038
2604416055
2604416062
2604416101
2604416105
2604416109
2604416136
2604416137
2604416139
2604416141
2604416168
2604416170
2604416173
2604416177
2604416184
2604416194
2604416195
2604416224
2604416238
2604416243
2604416258
2604416259
2604416264
2604416270
2604416282
2604416311
2604416320
2604416341
2604416342
2604416347
2604416366
2604416377
2604416381
2604416384
2604416391
2604416434
2604416446
2604416450
2604416480
2604416490
2604416504
2604416548
2604416571
2604416578
2604416579
2604416587
2604416591
2604416593
2604416594
2604416595
2604416596
2604416597
2604416598
2604416611
2604416615
2604416625
2604416636
2604416666
2604416686
2604416691
2604416716
2604416725
2604416744
2604416747
2604416750
2604416756
2604416771
2604416783
2604416800
2604416803
2604416806
2604416819
2604416823
2604416827
2604416828
2604416829
2604416834
2604416927
2604416934
2604416941
2604416975
2604416976
2604416986
2604416988
2604416990
2604417004
2604417041
2604417074
2604417078
2604417086
2604417112
2604417127
2604417133
2604417150
2604417151
2604417170
2604417183
2604417188
2604417228
2604417233
2604417242
2604417248
2604417250
2604417253
2604417264
2604417267
2604417282
2604417284
2604417292
2604417293
2604417297
2604417300
2604417311
2604417312
2604417318
2604417337
2604417358
2604417359
2604417363
2604417375
2604417387
2604417410
2604417411
2604417425
2604417426
2604417447
2604417455
2604417481
2604417492
2604417512
2604417536
2604417537
2604417543
2604417562
2604417572
2604417584
2604417598
2604417602
2604417615
2604417628
2604417646
2604417651
2604417653
2604417654
2604417662
2604417693
2604417706
2604417712
2604417718
2604417728
2604417736
2604417737
2604417738
2604417740
2604417750
2604417767
2604417781
2604417793
2604417808
2604417810
2604417812
2604417826
2604417836
2604417837
2604417847
2604417859
2604417864
2604417872
2604417873
2604417879
2604417903
2604417907
2604417916
2604417918
2604417920
2604417926
2604417947
2604417961
2604417986
2604417991
2604417994
2604418011
2604418021
2604418031
2604418037
2604418046
2604418047
2604418049
2604418082
2604418084
2604418126
2604418157
2604418169
2604418182
2604418212
2604418236
2604418240
2604418252
2604418286
2604418298
2604418304
2604418312
2604418321
2604418346
2604418349
2604418352
2604418365
2604418366
2604418378
2604418399
2604418410
2604418420
2604418429
2604418431
2604418452
2604418454
2604418455
2604418460
2604418462
2604418467
2604418503
2604418519
2604418522
2604418565
2604418579
2604418589
2604418596
2604418602
2604418609
2604418615
2604418617
2604418643
2604418649
2604418652
2604418659
2604418674
2604418686
2604418702
2604418707
2604418708
2604418709
2604418710
2604418711
2604418713
2604418716
2604418725
2604418728
2604418734
2604418735
2604418740
2604418741
2604418755
2604418766
2604418781
2604418791
2604418802
2604418803
2604418807
2604418829
2604418849
2604418875
2604418885
2604418887
2604418891
2604418895
2604418899
2604418929
2604418941
2604418942
2604418974
2604418979
2604419018
2604419027
2604419028
2604419052
2604419058
2604419060
2604419068
2604419074
2604419092
2604419118
2604419119
2604419120
2604419131
2604419161
2604419167
2604419176
2604419180
2604419182
2604419183
2604419192
2604419203
2604419213
2604419224
2604419227
2604419279
2604419306
2604419327
2604419336
2604419346
2604419360
2604419369
2604419381
2604419383
2604419395
2604419399
2604419437
2604419438
2604419440
2604419460
2604419465
2604419466
2604419469
2604419470
2604419471
2604419472
2604419478
2604419481
2604419504
2604419533
2604419541
2604419546
2604419547
2604419549
2604419552
2604419559
2604419563
2604419586
2604419591
2604558710
2604558711
2604558715
2604558716
2604558717
2604558718
2604558725
2604558729
2604558756
2604558759
2604558768
2604558773
2604558804
2604558812
2604558821
2604558840
2604558843
2604558852
2604558859
2604558862
2604558866
2604558888
2604558907
2604558917
2604558945
2604558955
2604558956
2604558959
2604558985
2604558988
2604558990
2604558993
2604558994
2604559004
2604559005
2604559010
2604559012
2604559052
2604559056
2604559073
2604559082
2604559100
2604559111
2604559115
2604559119
2604559130
2604559157
2604559162
2604559174
2604559190
2604559195
2604559208
2604559223
2604559225
2604559230
2604559246
2604559258
2604559260
2604559264
2604559269
2604559270
2604559273
2604559285
2604559289
2604559293
2604559299
2604559307
2604559313
2604559314
2604559326
2604559332
2604559338
2604559339
2604559351
2604559360
2604559374
2604559375
2604559394
2604559399
2604559400
2604559402
2604559416
2604559417
2604559427
2604559432
2604559438
2604559446
2604559450
2604559462
2604559463
2604559474
2604559478
2604559479
2604559489
2604559497
2604559530
2604559534
2604559535
2604559536
2604559541
2604559548
2604559549
2604559553
2604559587
2604559588
2604559602
2604559610
2604559617
2604559624
2604559633
2604559639
2604559640
2604559650
2604559652
2604559666
2604559671
2604559675
2604559711
2604559712
2604559715
2604559716
2604559719
2604559723
2604559726
2604559753
2604559763
2604559765
2604559779
2604559790
2604559799
2604559804
2604559808
2604559812
2604559815
2604559823
2604559825
2604559831
2604559848
2604559857
2604559858
2604559859
2604559871
2604559883
2604559890
2604559891
2604559896
2604559907
2604559940
2604559943
2604559944
2604559957
2604559959
2604559980
2604559989
2604559994
2604559999
2604560001
2604560006
2604560007
2604560020
2604560031
2604560043
2604560053
2604560054
2604560055
2604560073
2604560077
2604560085
2604560095
2604560136
2604560175
2604560188
2604560189
2604560199
2604560247
2604560253
2604560256
2604560271
2604560299
2604560306
2604560309
2604560318
2604560319
2604560322
2604560325
2604560332
2604560334
2604560339
2604560355
2604560373
2604560386
2604560392
2604560393
2604560398
2604560429
2604560431
2604560451
2604560459
2604560472
2604560484
2604560490
2604560493
2604560498
2604560499
2604560514
2604560516
2604560531
2604560564
2604560567
2604560573
2604560574
2604560576
2604560581
2604560593
2604560598
2604560637
2604560641
2604560647
2604560650
2604560651
2604560662
2604560675
2604560676
2604560706
2604560713
2604560714
2604560715
2604560716
2604560718
2604560719
2604560722
2604560724
2604560755
2604560758
2604560764
2604560768
2604560775
2604560812
2604560815
2604560860
2604560861
2604560863
2604560868
2604560879
2604560902
2604560904
2604560931
2604560941
2604560945
2604560946
2604560951
2604560955
2604560961
2604560968
2604560990
2604560993
2604560998
2604561010
2604561022
2604561029
2604561032
2604561033
2604561052
2604561057
2604561074
2604561076
2604561080
2604561087
2604561109
2604561114
2604561123
2604561155
2604561162
2604561181
2604561190
2604561210
2604561243
2604561250
2604561251
2604561252
2604561261
2604561268
2604561273
2604561297
2604561303
2604561312
2604561314
2604561315
2604561323
2604561324
2604561330
2604561340
2604561360
2604561361
2604561382
2604561417
2604561432
2604561460
2604561466
2604561483
2604561487
2604561499
2604561526
2604561547
2604561548
2604561554
2604561558
2604561561
2604561577
2604561578
2604561589
2604561596
2604561597
2604561603
2604561615
2604561616
2604561626
2604561644
2604561651
2604561652
2604561655
2604561685
2604561687
2604561693
2604561696
2604561725
2604561730
2604561763
2604561771
2604561820
2604561821
2604561822
2604561823
2604561824
2604561836
2604561837
2604561845
2604561853
2604561855
2604561859
2604561862
2604561886
2604561894
2604561900
2604561919
2604561927
2604561931
2604561944
2604561950
2604561983
2604561989
2604561990
2604561999
2604562000
2604562002
2604562011
2604562035
2604562036
2604562080
2604562083
2604562088
2604562143
2604562145
2604562189
2604562190
2604562219
2604562225
2604562243
2604562246
2604562254
2604562269
2604562276
2604562277
2604562282
2604562354
2604562369
2604562375
2604562377
2604562381
2604562389
2604562402
2604562410
2604562412
2604562422
2604562445
2604562452
2604562461
2604562470
2604562485
2604562517
2604562523
2604562526
2604562528
2604562596
2604562597
2604562599
2604562600
2604562601
2604562602
2604562603
2604562604
2604562606
2604562627
2604562628
2604562629
2604562636
2604562645
2604562647
2604562665
2604562685
2604562686
2604562687
2604562689
2604562699
2604562701
2604562735
2604562740
2604562746
2604562786
2604562796
2604562808
2604562820
2604562825
2604562836
2604562842
2604562850
2604562890
2604562896
2604562910
2604562917
2604562968
2604562991
2604562994
2604562998
2604563007
2604563014
2604563017
2604563028
2604563034
2604563052
2604563057
2604563060
2604563081
2604563085
2604563092
2604563094
2604563118
2604563147
2604563155
2604563177
2604563232
2604563263
2604563278
2604563289
2604563291
2604563307
2604563367
2604563375
2604563405
2604563407
2604563456
2604563457
2604563471
2604563484
2604563497
2604563532
2604563560
2604563564
2604563571
2604563573
2604563576
2604563595
2604563601
2604563612
2604563629
2604563631
2604563635
2604563637
2604563642
2604563643
2604563647
2604563659
2604563664
2604563672
2604563676
2604563681
2604563693
2604563698
2604563702
2604563706
2604563709
2604563717
2604563738
2604563759
2604563764
2604563777
2604563802
2604563811
2604563827
2604563842
2604563862