2604387083
2604387721
2604390438
2604390497
2604390621
2604390880
2604391293
2604391331
2604392115
2604392149
2604392470
2604392760
2604393207
2604394198
2604394278
2604394315
2604394453
2604394603
2604395635
2604395935
2604396293
2604396357
2604396533
2604396660
2604397263
2604397785
2604398630
2604398859
2604399876
2604400127
2604400177
2604400560
2604400861
2604401225
2604401443
2604401786
2604403047
2604403571
2604404014
2604404133
2604404157
2604404235
2604404314
2604404362
2604404564
2604404861
2604405486
2604405701
2604405788
2604405824
2604405838
2604405874
2604405989
2604406336
2604406461
2604406664
2604408717
2604408929
2604409250
2604409436
2604409731
2604409732
2604410091
2604410210
2604410642
2604410665
2604410967
2604415632
2604415721
2604416328
2604416703
2604418042
2604418079
2604418376
2604418468
2604481738
2604482042
2604482144
2604482850
2604482932
2604483092
2604483755
2604483844
2604498254
2604498381
2604498698
2604498950
2604500400
2604500760
2604501426
2604502513
2604503185
2604504340
2604505573
2604506069
2604509590
2604509812
2604510722
2604511538
2604514009
2604514027
2604515795
2604515839
2604515854
2604515935
2604515985
2604516094
2604516101
2604516142
2604516145
2604517149
2604517741
2604518093
2604518533
2604518880
2604518947
2604518979
2604519046
2604519164
2604519260
2604519288
2604519326
2604519441
2604519569
2604519827
2604519888
2604530170
2604530230
2604530337
2604530380
2604530657
2604530813
2604531135
2604531422
2604531552
2604531597
2604532261
2604532761
2604532771
2604532858
2604532986
2604533029
2604533355
2604533392
2604533617
2604533664
2604533833
2604534256
2604534638
2604534965
2604535000
2604535432
2604535466
2604535522
2604535599
2604535781
2604536021
2604536087
2604536128
2604536230
2604536267
2604536501
2604536686
2604536915
2604537480
2604537759
2604538243
2604538272
2604538343
2604538494
2604538798
2604538899
2604539009
2604539139
2604539156
2604539215
2604539439
2604539526
2604539569
2604539603
2604539804
2604539809
2604539844
2604546215
2604547893
2604549182
2604550254
2604552992
2604556235
2604556651
2604556977
2604558398
2604558400
2604560428
2604560809
2604561141
2604561658
2604563202
2604564412
2604564636
2604565672
2604566156
2604566667
2604569220
2604570005
2604571251
2604571377
2604572243
2604572333
2604573075
2604573090
2604573222
2604573250
2604573267
2604573301
2604573881
2604573962
2604574085
2604574272
2604574618
2604574845
2604575478
2604575515
2604575673
2604575805
2604576464
2604576825
2604577007
2604577163
2604577435
2604577436
2604577681
2604577823
2604577911
2604577941
2604578061
2604578240
2604578402
2604578494
2604579737
2604580677
2604583730
2604584166
2604584820
2604585188
2604585849
2604587214
2604587829
2604590039
2604590468
2604393284
2604394740
2604394884
2604395338
2604395440
2604395940
2604397149
2604397300
2604397581
2604397590
2604398088
2604398429
2604398833
2604399009
2604399220
2604400036
2604400056
2604400079
2604400270
2604400360
2604400571
2604400954
2604401084
2604401590
2604401626
2604401641
2604401795
2604401823
2604401940
2604402002
2604402032
2604402111
2604402138
2604402408
2604402642
2604402949
2604403011
2604403041
2604403164
2604403227
2604403258
2604403366
2604403666
2604403761
2604403765
2604403831
2604404042
2604404123
2604404243
2604404436
2604404470
2604404580
2604404677
2604405069
2604405130
2604405545
2604405729
2604405916
2604405975
2604406067
2604406131
2604406393
2604406489
2604406697
2604406740
2604406770
2604406803
2604406831
2604406977
2604406991
2604407099
2604407287
2604407410
2604407499
2604407561
2604408038
2604408178
2604408198
2604408255
2604408292
2604408538
2604408553
2604408686
2604409046
2604409190
2604409216
2604409310
2604409833
2604410088
2604412586
2604413434
2604414058
2604414393
2604414476
2604414477
2604414485
2604414860
2604415335
2604418110
2604418171
2604418243
2604481092
2604481242
2604481315
2604481366
2604481382
2604481461
2604481467
2604481522
2604481577
2604481618
2604481670
2604481871
2604482024
2604482082
2604482108
2604482206
2604482290
2604482697
2604482777
2604482832
2604483055
2604483115
2604483136
2604483201
2604483256
2604483350
2604483550
2604498062
2604498485
2604498691
2604498930
2604500607
2604502833
2604503166
2604503300
2604503683
2604506320
2604509597
2604511142
2604512863
2604513165
2604513735
2604513764
2604515050
2604515720
2604515976
2604516330
2604516425
2604516679
2604518100
2604518412
2604518509
2604518600
2604519005
2604519103
2604519127
2604519156
2604519426
2604519457
2604519713
2604519899
2604519936
2604519951
2604530029
2604530199
2604530258
2604530473
2604530475
2604530490
2604530586
2604530971
2604531270
2604531379
2604531385
2604531540
2604531541
2604531682
2604531749
2604531752
2604531794
2604531818
2604531881
2604531931
2604532115
2604532318
2604532590
2604532989
2604533080
2604533187
2604533208
2604533266
2604533521
2604533685
2604533868
2604534254
2604534310
2604534388
2604534390
2604534458
2604534534
2604534542
2604534810
2604535060
2604535114
2604535171
2604535351
2604535457
2604535514
2604535571
2604535705
2604535821
2604535876
2604536235
2604536709
2604536868
2604536939
2604536973
2604537224
2604537819
2604537881
2604537885
2604537935
2604537963
2604538181
2604538317
2604538370
2604538408
2604538541
2604538772
2604539112
2604539444
2604539983
2604545029
2604545687
2604547670
2604547954
2604549104
2604549493
2604549751
2604549869
2604549974
2604550724
2604550762
2604550914
2604551941
2604553749
2604555283
2604557680
2604559631
2604560469
2604561119
2604561169
2604562245
2604562630
2604562721
2604563201
2604563795
2604564431
2604565951
2604566368
2604566426
2604567107
2604567383
2604567702
2604567785
2604568745
2604568875
2604569319
2604570002
2604570047
2604570130
2604570353
2604570371
2604570634
2604570839
2604571114
2604571203
2604571210
2604571756
2604572183
2604572558
2604573066
2604573482
2604573706
2604573957
2604574179
2604574195
2604574301
2604574439
2604574773
2604574784
2604575283
2604575485
2604575650
2604576159
2604576391
2604576771
2604577071
2604577636
2604577938
2604577943
2604578213
2604578236
2604578432
2604578434
2604578572
2604578670
2604578749
2604578825
2604578870
2604578981
2604578984
2604578995
2604579004
2604579007
2604579595
2604579672
2604579853
2604579909
2604579910
2604580792
2604581200
2604584135
2604584549
2604584585
2604584818
2604585365
2604585686
2604586127
2604586244
2604586401
2604586777
2604586946
2604587784
2604588912
2604588973
2604588984
2604589458
2604590038
2604590077
2604590400
2604590467
2604590606
2604590870
2604591246
2604591658
2604591722
2604591805
2604592175
2604592292
2604592447
2604592784
2604593120
2604593414
2604593865
2604594027
2604594212
2604594435
2604594474
2604594595
2604594767
2604594806
2604594912
2604594987
2604595396
2604595422
2604595706
2604595974
2604596012
2604596100
2604596382
2604596500
2604596912
2604596967
2604597304
2604597616
2604597717
2604597865
2604598464
2604598858
2604599067
2604599088
2604599209
2604599485
2604599797
2604599893
2604599899
2604600008
2604600394
2604600447
2604600614
2604601159
2604601413
2604601542
2604601658
2604601853
2604601932
2604601950
2604602266
2604602469
2604602849
2604602872
2604602927
2604603125
2604603297
2604603432
2604603479
2604603601
2604603610
2604603617
2604603860
2604603936
2604604110
2604604152
2604604199
2604604204
2604604205
2604605127
2604605467
2604605604
2604606007
2604606162
2604606209
2604606327
2604606400
2604606428
2604606452
2604606453
2604606458
2604606498
2604606848
2604606904
2604607373
2604607619
2604607628
2604608000
2604608211
2604608244
2604608630
2604608798
2604609242
2604609681
2604609752
2604609794
2604610458
2604611562
2604613832
2604614509
2604615888
2604616263
2604617235
2604617290
2604617604
2604618096
2604618361
2604619278
2604619777
2604621036
2604622113
2604623059
2604623626
2604624317
2604624520
2604624556
2604624756
2604624758
2604625034
2604625174
2604626464
2604626661
2604627055
2604627340
2604628737
2604629157
2604629692
2604630406
2604630526
2604630581
2604630623
2604630657
2604630814
2604631009
2604631098
2604631105
2604631107
2604631223
2604632011
2604632093
2604632569
2604632692
2604632693
2604632740
2604633116
2604633328
2604633386
2604633461
2604633575
2604633864
2604634039
2604634040
2604336991
2604337605
2604337652
2604338007
2604338530
2604338965
2604339266
2604339487
2604339532
2604343935
2604344673
2604346902
2604346912
2604350210
2604399575
2604412257
2604417035
2604417370
2604556801
2604559805
2604560111
2604560222
2604561266
2604564811
2604566051
2604569711
2604569712
2604569713
2604569714
2604569715
2604569716
2604569719
2604569720
2604569721
2604589669
2604600529
2604610890
2604610891
2604610894
2604610895
2604610899
2604610901
2604612871
2604659586
2604659607
2604671093
2604671607
2604679797
2604693511
2604802878
2604818269
2604823363
2604827001
2604041551
2604059962
2604517695
2604805028
2604663612
2604405435
2604670237
2604057887
2604002293
2604002521
2604006977
2604023102
2604033026
2604041261
2604042311
2604042589
2604048699
2604050380
2604050563
2604053611
2604055080
2604055144
2604058711
2604061688
2604085618
2604088808
2604200555
2604205711
2604223708
2604231405
2604231866
2604231992
2604235458
2604236428
2604238135
2604268072
2604311508
2604318306
2604334288
2604336996
2604338535
2604338722
2604338723
2604338724
2604343619
2604356131
2604371110
2604383297
2604390554
2604391001
2604391080
2604394681
2604397018
2604401528
2604403440
2604408161
2604412151
2604412997
2604482328
2604483609
2604517346
2604517446
2604519484
2604536172
2604536191
2604536435
2604549766
2604559782
2604559785
2604565219
2604565265
2604572512
2604572766
2604574041
2604579379
2604587440
2604594591
2604594898
2604595670
2604595948
2604601204
2604606311
2604607200
2604608302
2604610597
2604612113
2604617880
2604620468
2604622422
2604627213
2604630282
2604633264
2604633389
2604635990
2604641659
2604646701
2604649020
2604660416
2604665265
2604667405
2604680944
2604687018
2604691058
2604802711
2604814467
2604824878
2604827655
2604829770
2604842348
2604842375
2604844349
2604845342
2604846875
2604847257
2604000462
2604003629
2604004571
2604015512
2604017435
2604040642
2604044662
2604054499
2604059220
2604060551
2604062041
2604200390
2604206298
2604206299
2604206758
2604221456
2604222575
2604225300
2604238071
2604272175
2604300057
2604308925
2604312626
2604312627
2604321032
2604322437
2604323751
2604341275
2604342311
2604353678
2604371758
2604390379
2604393219
2604397977
2604404023
2604405278
2604407388
2604409141
2604409222
2604412317
2604414713
2604415324
2604481028
2604498872
2604505185
2604506322
2604510834
2604532576
2604534054
2604548495
2604550667
2604555208
2604560661
2604563947
2604574942
2604575199
2604576541
2604577384
2604577800
2604578320
2604582089
2604582095
2604582096
2604582098
2604582404
2604583146
2604584296
2604586623
2604587030
2604588783
2604588816
2604588917
2604591169
2604591446
2604592176
2604599488
2604608653
2604609696
2604624506
2604625388
2604629039
2604629040
2604629041
2604629736
2604632040
2604632238
2604633687
2604638037
2604650487
2604651817
2604651820
2604651822
2604652740
2604658483
2604664257
2604667731
2604670104
2604676319
2604677214
2604679794
2604680745
2604687062
2604803254
2604805761
2604807159
2604813691
2604815266
2604815274
2604818599
2604820294
2604825867
2604840981
2604842328
2604844204
2604845138
2604846866
2604632791
2604669069
2604397753
2604353800
2604596292
2604608223
2604813089
2604357726
2604553492
2604597708
2604030014
2604596999
2604399692
2604311632
2604594404
2604606034
2604605567
2604558645
2604221918
2604804868
2604318589
2604603017
2604546530
2604536307
2604267880
2604660629
2604336728
2604231501
2604586734
2604666606
2604673920
2604330885
2604817473
2604586519
2604554354
2604800003
2604679007
2604385719
2604530935
2604637957
2604316430
2604405499
2604204836
2604399659
2604658861
2604300782
2604643084
2604500606
2604313243
2604481358
2604041640
2604049210
2604537810
2604617234
2604572679
2604633244
2604825228
2604591167
2604539053
2604417551
2604387855
2604576942
2604397464
2604409720
2604060233
2604331039
2604586432
2604581639
2604841149
2604829549
2604232351
2604673125
2604605544
2604312178
2604312186
2604659828
2604558535
2604312185
2604312180
2604312181
2604312184
2604312182
2604312179
2604655612
2604671398
2604676121
2604843583
2604603597
2604481473
2604574599
2604597020
2604631144
2604394344
2604225506
2604330331
2604637389
2604384330
2604355520
2604000853
2604231844
2604569530
2604608856
2604849835
2604413903
2604593007
2604572857
2604576034
2604826772
2604631663
2604657956
2604539417
2604534442
2604617965
2604482015
2604573399
2604607219
2604806772
2604614901
2604305009
2604091959
2604400280
2604574628
2604574912
2604594499
2604598295
2604695217
2604600834
2604609121
2604635510
2604401492
2604012573
2604013382
2604029749
2604045803
2604047937
2604050237
2604052374
2604054040
2604054715
2604059117
2604059173
2604060095
2604062888
2604064656
2604224425
2604225423
2604232209
2604236788
2604237888
2604238050
2604295151
2604301982
2604306707
2604318506
2604319355
2604322706
2604323698
2604342356
2604346642
2604354071
2604370620
2604374364
2604384694
2604386273
2604387592
2604391754
2604393016
2604393696
2604394150
2604394386
2604396142
2604396890
2604397867
2604400545
2604402848
2604405011
2604407837
2604410996
2604414271
2604483460
2604483944
2604498063
2604498079
2604519209
2604533395
2604534675
2604535634
2604536023
2604537269
2604547004
2604553527
2604564133
2604566031
2604566500
2604572215
2604573739
2604574430
2604575341
2604578622
2604581905
2604591022
2604592226
2604592858
2604593300
2604593637
2604594152
2604594808
2604595558
2604596737
2604597150
2604598260
2604598964
2604603698
2604604062
2604605280
2604607076
2604607453
2604608623
2604410063
2604410079
2604410089
2604410090
2604410097
2604410132
2604410134
2604410163
2604410168
2604410169
2604410173
2604410175
2604410179
2604410204
2604410219
2604410226
2604410227
2604410265
2604410272
2604410273
2604410275
2604410276
2604410312
2604410313
2604410314
2604410316
2604410325
2604410327
2604410328
2604410339
2604410342
2604410343
2604410346
2604410347
2604410355
2604410356
2604410375
2604410377
2604410388
2604410393
2604410421
2604410427
2604410432
2604410439
2604410464
2604410477
2604410495
2604410496
2604410503
2604410508
2604410523
2604410526
2604410536
2604410537
2604410555
2604410560
2604410575
2604410576
2604410577
2604410579
2604410582
2604410609
2604410635
2604410643
2604410644
2604410647
2604410648
2604410657
2604410662
2604410663
2604410699
2604410700
2604410703
2604410710
2604410711
2604410719
2604410720
2604410722
2604410731
2604410732
2604410736
2604410739
2604410741
2604410742
2604410747
2604410756
2604410771
2604410773
2604410796
2604410816
2604410821
2604410826
2604410862
2604410888
2604410893
2604410940
2604410968
2604410982
2604410983
2604410984
2604410985
2604411000
2604411001
2604411002
2604411026
2604411032
2604411045
2604411055
2604411066
2604411076
2604411096
2604411097
2604411098
2604411100
2604411106
2604411126
2604411127
2604411132
2604411158
2604411201
2604411202
2604411218
2604411229
2604411233
2604411235
2604411260
2604411284
2604411298
2604411335
2604411342
2604411344
2604411345
2604411354
2604411357
2604411359
2604411360
2604411369
2604411370
2604411373
2604411412
2604411414
2604411435
2604411455
2604411456
2604411457
2604411474
2604411481
2604411487
2604411488
2604411489
2604411498
2604411500
2604411530
2604411534
2604411535
2604411547
2604411555
2604411556
2604411557
2604411563
2604411564
2604411573
2604411578
2604411581
2604411582
2604411595
2604411606
2604411608
2604411610
2604411634
2604411638
2604411640
2604411642
2604411643
2604411650
2604411654
2604411655
2604411665
2604411683
2604411684
2604411690
2604411700
2604411702
2604411703
2604411724
2604411725
2604411777
2604411785
2604411792
2604411809
2604411825
2604411827
2604411836
2604411855
2604411894
2604411912
2604411913
2604411919
2604411923
2604411939
2604411948
2604411971
2604411975
2604411985
2604412009
2604412012
2604412020
2604412024
2604412043
2604412066
2604412096
2604412101
2604412111
2604412130
2604412131
2604412133
2604412136
2604412139
2604412142
2604412227
2604412230
2604412241
2604412244
2604412249
2604412259
2604412262
2604412263
2604412284
2604412285
2604412287
2604412288
2604412289
2604412291
2604412294
2604412301
2604412307
2604412314
2604412320
2604412321
2604412370
2604412378
2604412398
2604412409
2604412413
2604412414
2604412426
2604412427
2604412438
2604412452
2604412461
2604412463
2604412465
2604412467
2604412473
2604412481
2604412487
2604412498
2604412499
2604412505
2604412507
2604412508
2604412522
2604412534
2604412559
2604412560
2604412561
2604412579
2604412584
2604412585
2604412595
2604412597
2604412605
2604412622
2604412627
2604412629
2604412653
2604412681
2604412693
2604412699
2604412707
2604412745
2604412749
2604412750
2604412751
2604412778
2604412781
2604412800
2604412807
2604412809
2604412819
2604412826
2604412835
2604412848
2604412882
2604412909
2604412925
2604412926
2604412952
2604412953
2604412954
2604412962
2604412978
2604412979
2604412981
2604412987
2604413008
2604413009
2604413013
2604413022
2604413033
2604413047
2604413053
2604413054
2604413055
2604413065
2604413069
2604413070
2604413074
2604413104
2604413105
2604413106
2604413119
2604413120
2604413131
2604413151
2604413160
2604413176
2604413180
2604413184
2604413185
2604413196
2604413204
2604413215
2604413217
2604413224
2604413225
2604413230
2604413244
2604413261
2604413266
2604413267
2604413301
2604413310
2604413326
2604413327
2604413331
2604413333
2604413334
2604413335
2604413336
2604413337
2604413349
2604413353
2604413357
2604413361
2604413376
2604413381
2604413382
2604413384
2604413389
2604413407
2604413451
2604413452
2604413454
2604413465
2604413468
2604413469
2604413486
2604413487
2604413490
2604413518
2604413531
2604413532
2604413536
2604413548
2604413555
2604413563
2604413566
2604413568
2604413569
2604413588
2604413594
2604413605
2604413606
2604413608
2604413615
2604413620
2604413626
2604413640
2604413650
2604413651
2604413652
2604413655
2604413674
2604413689
2604413690
2604413708
2604413722
2604413734
2604413735
2604413751
2604413755
2604413768
2604413769
2604413779
2604413781
2604413785
2604413791
2604413796
2604413813
2604413816
2604413821
2604413827
2604413828
2604413849
2604413850
2604413853
2604413858
2604413859
2604413867
2604413868
2604413873
2604413886
2604413889
2604413890
2604413899
2604413900
2604413905
2604413906
2604413912
2604413922
2604413933
2604413956
2604413970
2604413977
2604413978
2604413980
2604414011
2604414015
2604414016
2604414021
2604414026
2604414028
2604414032
2604414034
2604414071
2604414080
2604414096
2604414097
2604414105
2604414106
2604414107
2604414139
2604414140
2604414152
2604414157
2604414163
2604414176
2604414181
2604414186
2604414200
2604414209
2604414219
2604414235
2604414236
2604414240
2604414249
2604414265
2604414270
2604414272
2604414306
2604414318
2604414323
2604414344
2604414366
2604414368
2604414382
2604414383
2604414389
2604414407
2604414410
2604414422
2604414437
2604414442
2604414443
2604414444
2604414445
2604414464
2604414497
2604414526
2604414544
2604414547
2604414553
2604414554
2604414561
2604414565
2604414570
2604414576
2604414578
2604414581
2604414584
2604552264
2604552274
2604552297
2604552310
2604552325
2604552326
2604552334
2604552353
2604552358
2604552381
2604552412
2604552414
2604552415
2604552418
2604552420
2604552446
2604552456
2604552461
2604552493
2604552503
2604552529
2604552563
2604552575
2604552587
2604552591
2604552609
2604552611
2604552631
2604552633
2604552651
2604552653
2604552675
2604552681
2604552694
2604552701
2604552708
2604552731
2604552754
2604552760
2604552791
2604552793
2604552803
2604552820
2604552836
2604552908
2604552929
2604552969
2604552970
2604553077
2604553078
2604553101
2604553107
2604553132
2604553141
2604553182
2604553187
2604553190
2604553220
2604553227
2604553268
2604553275
2604553307
2604553318
2604553327
2604553328
2604553330
2604553334
2604553341
2604553343
2604553345
2604553351
2604553405
2604553535
2604553548
2604553553
2604553679
2604553695
2604553697
2604553709
2604553742
2604553750
2604553753
2604553761
2604553773
2604553779
2604553793
2604553807
2604553875
2604553890
2604553893
2604553942
2604553952
2604553974
2604553999
2604554005
2604554016
2604554023
2604554043
2604554073
2604554110
2604554134
2604554140
2604554141
2604554150
2604554171
2604554193
2604554204
2604554208
2604554263
2604554264
2604554296
2604554328
2604554369
2604554372
2604554384
2604554404
2604554409
2604554452
2604554467
2604554494
2604554571
2604554586
2604554599
2604554608
2604554611
2604554629
2604554660
2604554663
2604554674
2604554678
2604554682
2604554691
2604554703
2604554727
2604554754
2604554764
2604554769
2604554806
2604554813
2604554869
2604554908
2604554961
2604554966
2604554978
2604555050
2604555065
2604555078
2604555142
2604555162
2604555172
2604555209
2604555227
2604555254
2604555269
2604555297
2604555356
2604555357
2604555398
2604555442
2604555463
2604555489
2604555495
2604555502
2604555504
2604555526
2604555613
2604555635
2604555676
2604555709
2604555718
2604555729
2604555730
2604555735
2604555746
2604555752
2604555768
2604555772
2604555773
2604555796
2604555798
2604555805
2604555815
2604555821
2604555824
2604555836
2604555837
2604555870
2604555882
2604555883
2604555884
2604555885
2604555886
2604555890
2604555903
2604555909
2604555917
2604555929
2604555933
2604555942
2604555948
2604555950
2604555959
2604555984
2604555987
2604556010
2604556021
2604556029
2604556031
2604556047
2604556084
2604556095
2604556122
2604556147
2604556161
2604556171
2604556205
2604556212
2604556227
2604556236
2604556243
2604556279
2604556294
2604556310
2604556311
2604556314
2604556320
2604556329
2604556330
2604556342
2604556360
2604556361
2604556367
2604556368
2604556392
2604556415
2604556430
2604556443
2604556447
2604556466
2604556489
2604556510
2604556524
2604556543
2604556570
2604556576
2604556595
2604556605
2604556607
2604556621
2604556634
2604556639
2604556663
2604556689
2604556696
2604556724
2604556744
2604556773
2604556775
2604556838
2604556861
2604556869
2604556870
2604556880
2604556882
2604556891
2604556926
2604556941
2604556967
2604556990
2604556991
2604557012
2604557013
2604557016
2604557019
2604557020
2604557022
2604557034
2604557035
2604557036
2604557037
2604557038
2604557039
2604557041
2604557043
2604557046
2604557052
2604557065
2604557074
2604557080
2604557086
2604557088
2604557089
2604557112
2604557113
2604557147
2604557153
2604557154
2604557169
2604557183
2604557186
2604557191
2604557193
2604557195
2604557200
2604557215
2604557224
2604557232
2604557239
2604557240
2604557252
2604557253
2604557254
2604557256
2604557257
2604557265
2604557279
2604557306
2604557310
2604557321
2604557323
2604557332
2604557341
2604557346
2604557347
2604557384
2604557387
2604557388
2604557397
2604557405
2604557410
2604557413
2604557435
2604557455
2604557460
2604557463
2604557489
2604557492
2604557493
2604557497
2604557501
2604557506
2604557509
2604557511
2604557514
2604557518
2604557526
2604557528
2604557535
2604557539
2604557546
2604557547
2604557557
2604557559
2604557565
2604557566
2604557571
2604557574
2604557575
2604557579
2604557584
2604557588
2604557590
2604557592
2604557607
2604557610
2604557615
2604557625
2604557627
2604557653
2604557673
2604557674
2604557682
2604557685
2604557695
2604557696
2604557697
2604557698
2604557723
2604557728
2604557731
2604557738
2604557739
2604557755
2604557757
2604557767
2604557768
2604557769
2604557770
2604557771
2604557780
2604557783
2604557784
2604557785
2604557786
2604557788
2604557818
2604557833
2604557847
2604557848
2604557851
2604557857
2604557865
2604557871
2604557887
2604557890
2604557899
2604557911
2604557926
2604557932
2604557936
2604557964
2604557968
2604557972
2604557973
2604557984
2604557993
2604557995
2604558027
2604558029
2604558032
2604558034
2604558044
2604558046
2604558062
2604558069
2604558074
2604558075
2604558077
2604558078
2604558085
2604558110
2604558116
2604558125
2604558128
2604558131
2604558137
2604558139
2604558144
2604558145
2604558148
2604558150
2604558151
2604558169
2604558175
2604558182
2604558184
2604558187
2604558190
2604558199
2604558200
2604558201
2604558205
2604558209
2604558211
2604558232
2604558237
2604558239
2604558258
2604558264
2604558269
2604558282
2604558286
2604558296
2604558302
2604558310
2604558320
2604558330
2604558338
2604558345
2604558347
2604558351
2604558359
2604558375
2604558376
2604558377
2604558384
2604558393
2604558402
2604558415
2604558417
2604558441
2604558450
2604558480
2604558508
2604558509
2604558540
2604558561
2604558591
2604558599
2604558606
2604558611
2604558622
2604558637
2604558661
2604558663
2604558664
2604558665
2604558673
2604558679
2604558704
2604558710