2604000589
2604001003
2604001320
2604002647
2604003949
2604007264
2604008842
2604010098
2604012176
2604018460
2604021985
2604022909
2604023348
2604023351
2604023959
2604028093
2604028263
2604029423
2604030420
2604031603
2604031644
2604031837
2604033671
2604036080
2604040550
2604041065
2604041185
2604042234
2604042240
2604042295
2604043191
2604044022
2604044091
2604045793
2604045910
2604045943
2604846626
2604046005
2604047649
2604047909
2604048435
2604048582
2604048735
2604051048
2604051253
2604052628
2604052847
2604053829
2604053844
2604055094
2604055407
2604056673
2604056688
2604056893
2604057068
2604057722
2604058422
2604058905
2604059567
2604059999
2604060000
2604060011
2604060247
2604060830
2604061513
2604061537
2604061671
2604062048
2604062494
2604062939
2604062953
2604063705
2604064029
2604064144
2604064166
2604064353
2604064538
2604064630
2604064892
2604086794
2604091735
2604200279
2604201961
2604204660
2604221294
2604221795
2604222007
2604222117
2604222390
2604222518
2604222630
2604222639
2604223314
2604223348
2604224723
2604224897
2604225379
2604225589
2604225629
2604225764
2604225998
2604231221
2604231308
2604231818
2604232199
2604232221
2604232353
2604233809
2604234012
2604234172
2604234356
2604235129
2604235215
2604235300
2604235419
2604236000
2604236575
2604237201
2604237504
2604237765
2604238488
2604238880
2604239074
2604239412
2604239479
2604266291
2604266483
2604267301
2604268107
2604268511
2604268677
2604275482
2604279515
2604292581
2604297914
2604301569
2604302265
2604303649
2604305075
2604305110
2604305596
2604305694
2604306150
2604306827
2604309663
2604309879
2604309927
2604310903
2604310936
2604312760
2604314357
2604314482
2604316043
2604316176
2604316203
2604316780
2604317244
2604317301
2604318151
2604318386
2604318756
2604318879
2604319190
2604319268
2604319390
2604319492
2604320939
2604321174
2604321924
2604332786
2604333238
2604333465
2604333936
2604334371
2604335157
2604336870
2604336871
2604337951
2604337952
2604338586
2604339437
2604340441
2604340692
2604340950
2604341240
2604342471
2604342473
2604342516
2604342861
2604343235
2604343237
2604343402
2604343541
2604343675
2604344398
2604344404
2604344963
2604345186
2604345617
2604345729
2604347262
2604347803
2604349293
2604349294
2604350840
2604352378
2604352488
2604353753
2604354043
2604354115
2604354135
2604354410
2604355102
2604355635
2604355649
2604356576
2604357064
2604357379
2604358509
2604358797
2604366542
2604368452
2604368615
2604370555
2604370736
2604370823
2604371507
2604371681
2604372370
2604372518
2604373395
2604373528
2604373925
2604377011
2604377038
2604379621
2604379622
2604383826
2604384290
2604384373
2604384998
2604385136
2604385222
2604385569
2604385902
2604386066
2604386227
2604386288
2604386380
2604386925
2604394465
2604394467
2604394469
2604394536
2604397690
2604398320
2604399181
2604399932
2604402493
2604402506
2604404731
2604407028
2604407101
2604408211
2604408283
2604408364
2604409603
2604409685
2604410139
2604410367
2604410820
2604413367
2604415962
2604416175
2604417663
2604481164
2604481703
2604482464
2604483441
2604483817
2604498194
2604498196
2604498312
2604498876
2604504584
2604505278
2604513025
2604518284
2604519212
2604530450
2604531007
2604531111
2604531803
2604532759
2604533652
2604533789
2604533869
2604533997
2604534196
2604534727
2604535535
2604536384
2604537004
2604537136
2604537352
2604538749
2604539381
2604539387
2604539392
2604539561
2604546659
2604547675
2604548946
2604549904
2604550467
2604552805
2604553098
2604554377
2604554396
2604555255
2604555765
2604556092
2604556106
2604556615
2604561085
2604564050
2604567332
2604570898
2604572756
2604573444
2604573919
2604575035
2604576210
2604577385
2604578422
2604584723
2604584767
2604585171
2604589562
2604590595
2604590742
2604593563
2604594004
2604594538
2604595579
2604596155
2604596594
2604597510
2604598453
2604598494
2604599001
2604599840
2604601474
2604602200
2604602645
2604603657
2604604484
2604604942
2604606294
2604606717
2604606889
2604607320
2604609922
2604610731
2604618747
2604619513
2604619718
2604620347
2604622365
2604625598
2604627142
2604628220
2604629807
2604629831
2604630654
2604631400
2604632499
2604633114
2604634765
2604634770
2604634963
2604635567
2604636098
2604636247
2604636640
2604636906
2604637758
2604637952
2604638429
2604638818
2604638819
2604639080
2604641019
2604641298
2604641808
2604642845
2604645294
2604645368
2604646169
2604646688
2604647199
2604649759
2604652342
2604656186
2604656539
2604661209
2604663082
2604664670
2604668280
2604668505
2604668967
2604669995
2604672132
2604673032
2604675699
2604676010
2604678366
2604678608
2604678952
2604679616
2604679821
2604680516
2604680734
2604691961
2604696964
2604801799
2604802002
2604805690
2604805871
2604809076
2604813510
2604815308
2604816057
2604816688
2604820007
2604820570
2604822519
2604823116
2604824521
2604825930
2604827085
2604828707
2604844788
2604848435
2604848772
2604000243
2604000285
2604001569
2604002501
2604003268
2604003703
2604003911
2604005565
2604005580
2604006230
2604006556
2604008977
2604010197
2604010643
2604010821
2604012892
2604013192
2604016031
2604017383
2604017579
2604019691
2604024034
2604025318
2604027199
2604028958
2604029084
2604029816
2604030624
2604031472
2604032708
2604033401
2604033628
2604033803
2604035235
2604037838
2604039539
2604040020
2604040021
2604040189
2604040364
2604040496
2604040540
2604040639
2604040654
2604040958
2604041423
2604042715
2604043270
2604043386
2604043535
2604043555
2604043793
2604044134
2604044554
2604044647
2604044649
2604044697
2604044824
2604045007
2604045525
2604046254
2604047287
2604047443
2604047964
2604048615
2604049384
2604049640
2604049652
2604049883
2604050143
2604050247
2604050421
2604051733
2604052523
2604052525
2604053147
2604054070
2604054084
2604054555
2604055393
2604057558
2604058043
2604058272
2604058511
2604060106
2604060446
2604060692
2604060904
2604061560
2604061590
2604061685
2604062262
2604062318
2604062355
2604062496
2604063178
2604063489
2604063922
2604064002
2604064015
2604064203
2604064638
2604064784
2604090409
2604092586
2604092587
2604095081
2604200024
2604200217
2604200322
2604201636
2604202483
2604203250
2604204723
2604204942
2604206660
2604221037
2604221142
2604221178
2604221288
2604222077
2604222435
2604222901
2604222906
2604223126
2604223513
2604223858
2604223968
2604224973
2604225762
2604225780
2604230456
2604231108
2604231199
2604231846
2604231847
2604231848
2604231853
2604232101
2604232452
2604232522
2604233279
2604233605
2604233790
2604233871
2604234078
2604235087
2604235444
2604235943
2604235998
2604236073
2604236143
2604236152
2604236196
2604236271
2604236410
2604236663
2604237258
2604237263
2604237530
2604237684
2604238099
2604238350
2604238554
2604238967
2604239191
2604239195
2604239743
2604268439
2604270080
2604270428
2604275337
2604290195
2604290750
2604292020
2604297272
2604300807
2604301382
2604301743
2604301759
2604301764
2604301884
2604303249
2604303872
2604304035
2604304387
2604305453
2604305867
2604307049
2604308194
2604308875
2604309411
2604310768
2604310797
2604310841
2604311536
2604311669
2604312538
2604312854
2604312857
2604313144
2604313496
2604313742
2604314137
2604314317
2604316063
2604316190
2604316211
2604316230
2604316790
2604316880
2604316884
2604316920
2604317408
2604317665
2604317764
2604317974
2604318220
2604318619
2604319088
2604319661
2604319880
2604320005
2604320372
2604320429
2604320743
2604320851
2604321382
2604321588
2604321959
2604321966
2604322232
2604322754
2604323841
2604331694
2604331911
2604332163
2604332689
2604333707
2604333812
2604333980
2604334522
2604335117
2604337595
2604338288
2604339362
2604339388
2604339994
2604340392
2604340924
2604341401
2604342128
2604342222
2604342683
2604343835
2604347291
2604348978
2604349534
2604349848
2604351000
2604351032
2604351156
2604353117
2604355163
2604355828
2604358328
2604358700
2604358987
2604359095
2604360322
2604370245
2604371106
2604371140
2604371934
2604372082
2604373551
2604376100
2604376583
2604376950
2604377502
2604380246
2604383156
2604383247
2604383518
2604383672
2604383749
2604384062
2604384895
2604385148
2604385196
2604386270
2604386318
2604387893
2604390128
2604390180
2604390290
2604390294
2604390504
2604390563
2604390701
2604390904
2604392117
2604392475
2604392561
2604393284
2604840717
2604842387
2604843901
2604847687
2604589267
2604417567
2604000715
2604373150
2604093868
2604011265
2604373100
2604693729
2604266601
2604024623
2604000172
2604272408
2604290201
2604290065
2604377928
2604373839
2604377553
2604376645
2604020139
2604020864
2604019280
2604356244
2604036046
2604689226
2604331731
2604696937
2604273090
2604683052
2604001725
2604652771
2604013037
2604413174
2604620686
2604007458
2604410043
2604016961
2604419477
2604386618
2604683777
2604517387
2604417669
2604022938
2604658301
2604412158
2604032779
2604273358
2604558940
2604301380
2604314812
2604034274
2604301389
2604301381
2604556982
2604304956
2604029690
2604339982
2604022296
2604005253
2604264501
2604629788
2604371536
2604377478
2604586418
2604301605
2604553326
2604585012
2604557470
2604693748
2604694145
2604610639
2604266880
2604416063
2604001297
2604562891
2604002639
2604555500
2604037677
2604652180
2604684184
2604515074
2604684279
2604684421
2604341732
2604359393
2604011415
2604266100
2615432577
2604020157
2604333506
2604360042
2604009850
2604691126
2604303630
2604698193
2604413636
2604330650
2604673203
2604697037
2604513450
2604205132
2604513435
2604023688
2604379082
2604002860
2604090451
2615004874
2604629518
2604204663
2604313165
2604313167
2604002821
2604603609
2604270241
2604648783
2604569308
2604517936
2604289533
2616389286
2604264760
2604686062
2604510510
2604503325
2604380380
2604381438
2604503972
2604033685
2604275398
2996898095
2996110576
2604012938
2604096051
2604305992
2604518078
2604693066
2604587152
2604025633
2604025638
2604602285
2604360179
2604414928
2604517752
2604584445
2604683122
2604563546
2604584446
2604013722
2604696365
2604200956
2604314206
2616992102
2604300503
2604303826
2604588305
1130721991
2604696544
2604572658
2604345955
2604648462
2613062250
2604551296
2604616981
2604511227
2604239620
2604551711
2604034671
2604551649
2604553339
2604551670
2604330868
2604221462
2604825511
2604692040
2604029935
2604826324
2604003558
2604639198
2604549228
2604350917
2604225494
2604482038
2604393323
2604330218
2604392548
3515491386
2604560133
2604589961
2604014691
2604202363
2604279366
2604654137
2604411139
2604680722
2604032994
2604354907
2604568541
2604560070
2615464657
2604554941
2604515363
2604301675
2604564889
1135757895
2604545841
2604696794
2604005264
2604206872
2604533302
2604026304
2604545887
2604300152
2604576822
2604359826
2604402864
2616999660
2604695800
2604340727
2604040841
2604202633
2604640157
2604606865
2616137080
2604040342
2604554712
2604583376
2604367333
2604009206
2604557478
2604206310
2604647969
2604036452
2604023319
2604354166
2604022934
2604112263
2604265160
2604268463
2604548474
2604341246
2616977000
2604416658
2604037346
2604545577
2604650043
2604336088
2604005694
2604629874
2613430378
2604579185
2604622555
2604591105
2604393918
2604665935
2604001184
2613038785
2604663773
2604827199
2604416245
2604416979
2604504195
2604516495
2604286911
2604401106
2604402238
2604626026
2604029540
2625530799
2604394317
2604803094
2604385877
2604690013
2604048410
1159647271
2604577676
2604415115
2615095350
2604394896
2604063879
2604530213
2604405557
2604332888
2604690296
2617552098
2604017482
2604000562
2604002922
2604661146
2615686864
2996066788
2604047146
2604399271
2604039722
2604014935
2604587220
2604034825
2604622086
2604696335
2604690742
2604806996
2604583801
2604583740
2604568890
2604021163
2604005911
2604356800
2604103688
2604568821
2604117939
2604415377
2604654202
2604279373
2604623449
2604019006
2604337962
2604632331
2604618118
2604020231
2604393567
2604105174
2604605059
2604412070
2604548833
2604418354
2604308758
2604335103
2604684138
2604024680
2604410114
2604349921
2604311698
2604000697
2604314912
2604010844
2604091747
2604414007
2604305962
2604568727
2604581199
2604514602
2604109219
2604113244
2604628112
2604408645
2604278330
2604627813
2604681434
2604017199
2604803959
2604560644
2604628307
2604010782
2604276987
2604614243
2604563084
2604004531
2604122665
2604043701
2604672238
2604578977
2604305898
2604552915
2604532055
2604535984
2604677876
2604618185
2604539219
2604318929
2604536008
2604602832
2604598353
2604234082
2604234079
2604593266
2604483454
2604399422
2604052925
2604052926
2604672678
2604533223
2604570686
2604630487
2604603446
2604237609
2604383645
2604813272
2604673686
2604633063
2604537966
2604597999
2604533709
2604533710
2604597996
2604636700
2604603147
2604409771
2604392748
2604401496
2604605157
2604321068
2604050623
2604807174
2604318927
2604316969
2604055836
2604394111
2604394938
2604573036
2604672837
2604595861
2604600135
2604669950
2604573793
2604607368
2604607068
2604233248
2604661083
2604538337
2604673912
2604602693
2604239314
2604398929
2604578172
2604661325
2604385180
2604670418
2604594599
2604386164
2604675499
2604670417
2604639980
2604579303
2604386221
2604575020
2604618100
2604405053
2604602920
2604670420
2604405201
2604676669
2604603794
2604498722
2604538909
2604063865
2604602001
2604641981
2604318460
2604576907
2604483805
2604236921
2604399583
2604054161
2604387497
2604387476
2604605204
2604404456
2604232185
2604386421
2604608907
2604599783
2604531753
2604672256
2604230635
2604043129
2604667140
2604238929
2604406147
2604230606
2604318318
2604677588
2604322021
2604402531
2604591259
2604601412
2604814622
2604597081
2604409878
2604235687
2604507580
2604638250
2604221457
2604590637
2604591598
2604595896
2604640109
2604665480
2604672620
2604803767
2604415195
2604842616
2604392768
2604630063
2604610048
2604000355
2604336062
2604336105
2604336851
2604336991
2604308071
2604308120
2604308121
2604308122
2604308123
2604308124
2604308125
2604308126
2604308127
2604308128
2604308145
2604308234
2604308272
2604308279
2604308280
2604308281
2604308283
2604308284
2604308285
2604308289
2604308290
2604308291
2604308292
2604308293
2604308294
2604308295
2604308296
2604308298
2604308299
2604308387
2604308454
2604308521
2604308643
2604308644
2604308660
2604308736
2604308825
2604308846
2604308961
2604308964
2604308994
2604309010
2604309029
2604309123
2604309239
2604309297
2604309310
2604309343
2604309671
2604309709
2604309733
2604309752
2604309855
2604310077
2604310183
2604310281
2604310426
2604310467
2604310470
2604310489
2604310498
2604310507
2604310508
2604310513
2604310524
2604310619
2604310725
2604310726
2604310727
2604310775
2604310905
2604311009
2604311061
2604311119
2604311129
2604311130
2604311131
2604311136
2604311148
2604311272
2604311436
2604311476
2604311509
2604311533
2604311541
2604311564
2604311581
2604311594
2604311602
2604311615
2604311658
2604311739
2604311748
2604311752
2604311834
2604311969
2604311970
2604311994
2604312183
2604312207
2604312264
2604312449
2604312611
2604312629
2604312756
2604312898
2604312965
2604313014
2604313015
2604313152
2604313153
2604313157
2604313161
2604313169
2604313230
2604313239
2604313240
2604313313
2604313406
2604313413
2604313430
2604313431
2604313438
2604313495
2604313569
2604313579
2604313685
2604313720
2604313728
2604313938
2604313969
2604313985
2604314075
2604314092
2604314201
2604314241
2604314302
2604314352
2604314552
2604314611
2604314672
2604314713
2604314750
2604314757
2604314765
2604314807
2604314867
2604330135
2604330207
2604330212
2604330475
2604330478
2604330479
2604330480
2604330482
2604330582
2604330687
2604330704
2604330705
2604330800
2604330816
2604330817
2604330932
2604330978
2604330993
2604331022
2604331143
2604331185
2604331231
2604331262
2604331264
2604331272
2604331296
2604331310
2604331366
2604331376
2604331428
2604331435
2604331595
2604331599
2604331637
2604331846
2604331905
2604331912
2604331929
2604331954
2604332071
2604332167
2604332402
2604332403
2604332432
2604332434
2604332439
2604332474
2604332475
2604332574
2604332587
2604332596
2604332636
2604332637
2604332638
2604332643
2604332668
2604332717
2604332753
2604332859
2604332887
2604332990
2604333081
2604333082
2604333130
2604333139
2604333160
2604333240
2604333259
2604333312
2604333436
2604333477
2604333478
2604333497
2604333645
2604333728
2604333760
2604333780
2604333821
2604333865
2604333866
2604333867
2604333959
2604334008
2604334280
2604334396
2604334404
2604334493
2604334588
2604334590
2604334616
2604334706
2604334767
2604334797
2604334819
2604334844
2604334903
2604335038
2604335144
2604335581
2604335711
2604335754
2604335759
2604335771
2604335773
2604335890
2604336101
2604336325
2604336326
2604336327
2604336328
2604336338
2604336344
2604336353
2604336396
2604336416
2604336513
2604336645
2604336673
2604336682
2604336684
2604336706
2604336714
2604336722
2604336790
2604336845
2604336847
2604336951
2604336956
2604336987
2604337081
2604337084
2604337189
2604337190
2604337195
2604337197
2604337252
2604337311
2604337377
2604337399
2604337413
2604337517
2604337821
2604337956
2604338078
2604338079
2604338086
2604338153
2604338155
2604338389
2604338424
2604338476
2604338615
2604338660
2604338678
2604338710
2604338740
2604338749
2604338763
2604338943
2604338956
2604339008
2604339010
2604339057
2604339223
2604339225
2604339246
2604339263
2604339335
2604339466
2604339485
2604339486
2604339649
2604339676
2604339723
2604339885
2604339921
2604339922
2604339923
2604339962
2604340107
2604340216
2604340391
2604340421
2604340452
2604340458
2604340479
2604340569
2604340597
2604340691
2604340700
2604340702
2604340741
2604340907
2604340947
2604341008
2604341013
2604341295
2604341435
2604341440
2604341586
2604341633
2604341829
2604341948
2604342067
2604342090
2604342325
2604342483
2604342491
2604342544
2604342629
2604342649
2604342678
2604342709
2604342795
2604342873
2604342885
2604342966
2604343037
2604343050
2604343133
2604343238
2604343348
2604343384
2604343439
2604343449
2604343455
2604343534
2604343539
2604343540
2604343542
2604343543
2604343544
2604343545
2604343546
2604343547
2604343548
2604343549
2604343664
2604343795
2604343811
2604343837
2604343840
2604343878
2604344035
2604344036
2604344154
2604344218
2604344226
2604344245
2604344265
2604344439
2604344441
2604344445
2604344446
2604344471
2604344472
2604344498
2604344530
2604344534
2604344535
2604344565
2604344725
2604344965
2604345025
2604345074
2604345154
2604345181
2604345182
2604345229
2604345242
2604345308
2604345537
2604345618
2604345718
2604345770
2604345796
2604345866
2604345867
2604346032
2604346108
2604346114
2604346125
2604346135
2604346143
2604346282
2604346467
2604346638
2604346667
2604346670
2604346678
2604346680
2604346810
2604346841
2604346847
2604346947
2604346948
2604347025
2604347042
2604347068
2604347069
2604347071
2604347075
2604347266
2604347267
2604347268
2604347269
2604347299
2604347390
2604347455
2604347463
2604347655
2604347706
2604347755
2604347798
2604347907
2604347908
2604348046
2604348099
2604348551
2604348553
2604348714
2604348817
2604348826
2604348843
2604348858
2604348954
2604348960
2604348986
2604349094
2604349175
2604350109
2604350168
2604350180
2604350267
2604350403
2604350406
2604350411
2604350433
2604350442
2604350458
2604350565
2604350724
2604350806
2604350944
2604350972
2604350983
2604410015
2604410027
2604410035
2604410041
2604410051
2604410060
2604410063
2604545095
2604545097
2604545104
2604545105
2604545109
2604545125
2604545128
2604545135
2604545141
2604545158
2604545182
2604545184
2604545215
2604545220
2604545229
2604545233
2604545240
2604545277
2604545309
2604545321
2604545334
2604545362
2604545371
2604545376
2604545401
2604545456
2604545459
2604545464
2604545468
2604545510
2604545538
2604545547
2604545557
2604545573
2604545579
2604545597
2604545604
2604545610
2604545611
2604545622
2604545639
2604545643
2604545644
2604545657
2604545680
2604545699
2604545731
2604545737
2604545755
2604545756
2604545764
2604545770
2604545778
2604545795
2604545799
2604545822
2604545830
2604545839
2604545840
2604545850
2604545856
2604545865
2604545868
2604545900
2604545926
2604545963
2604546000
2604546011
2604546021
2604546028
2604546040
2604546057
2604546060
2604546083
2604546120
2604546135
2604546177
2604546182
2604546186
2604546202
2604546228
2604546242
2604546249
2604546252
2604546253
2604546254
2604546262
2604546267
2604546271
2604546284
2604546293
2604546303
2604546342
2604546344
2604546347
2604546350
2604546362
2604546376
2604546391
2604546440
2604546447
2604546450
2604546481
2604546484
2604546485
2604546486
2604546534
2604546545
2604546549
2604546575
2604546588
2604546600
2604546603
2604546611
2604546623
2604546648
2604546661
2604546662
2604546668
2604546671
2604546698
2604546727
2604546736
2604546740
2604546760
2604546767
2604546816
2604546821
2604546866
2604546894
2604546927
2604546929
2604546950
2604546966
2604546981
2604546998
2604547006
2604547040
2604547041
2604547050
2604547071
2604547091
2604547095
2604547108
2604547112
2604547138
2604547139
2604547141
2604547144
2604547145
2604547146
2604547147
2604547148
2604547149
2604547150
2604547151
2604547152
2604547153
2604547157
2604547158
2604547159
2604547160
2604547161
2604547163
2604547164
2604547167
2604547168
2604547170
2604547172
2604547173
2604547174
2604547175
2604547176
2604547177
2604547178
2604547179
2604547182
2604547184
2604547185
2604547186
2604547187
2604547189
2604547190
2604547191
2604547192
2604547193
2604547194
2604547196
2604547198
2604547200
2604547202
2604547203
2604547204
2604547205
2604547206
2604547208
2604547210
2604547215
2604547228
2604547248
2604547287
2604547288
2604547316
2604547327
2604547389
2604547397
2604547433
2604547441
2604547442
2604547444
2604547463
2604547505
2604547506
2604547510
2604547525
2604547536
2604547549
2604547563
2604547569
2604547573
2604547582
2604547592
2604547638
2604547659
2604547680
2604547683
2604547702
2604547707
2604547720
2604547739
2604547746
2604547763
2604547787
2604547812
2604547814
2604547825
2604547826
2604547851
2604547862
2604547867
2604547871
2604547878
2604547896
2604547901
2604547907
2604547909
2604547916
2604547961
2604547964
2604547971
2604547972
2604548010
2604548024
2604548062
2604548064
2604548087
2604548088
2604548103
2604548109
2604548120
2604548145
2604548177
2604548185
2604548188
2604548194
2604548252
2604548254
2604548264
2604548268
2604548284
2604548318
2604548324
2604548332
2604548374
2604548402
2604548416
2604548436
2604548439
2604548482
2604548493
2604548500
2604548504
2604548513
2604548529
2604548530
2604548539
2604548556
2604548576
2604548590
2604548602
2604548606
2604548622
2604548660
2604548674
2604548701
2604548704
2604548709
2604548732
2604548767
2604548777
2604548778
2604548779
2604548780
2604548781
2604548782
2604548783
2604548784
2604548785
2604548786
2604548812
2604548813
2604548822
2604548827
2604548845
2604548867
2604548895
2604548933
2604548943
2604548955
2604548960
2604548961
2604548976
2604549008
2604549023
2604549036
2604549159
2604549161
2604549166
2604549169
2604549170
2604549198
2604549214
2604549231
2604549239
2604549240
2604549242
2604549244
2604549257
2604549285
2604549292
2604549299
2604549313
2604549317
2604549326
2604549333
2604549338
2604549346
2604549353
2604549367
2604549383
2604549398
2604549414
2604549429
2604549442
2604549456
2604549461
2604549471
2604549484
2604549502
2604549504
2604549527
2604549539
2604549573
2604549622
2604549623
2604549637
2604549642
2604549648
2604549650
2604549658
2604549692
2604549693
2604549702
2604549791
2604549850
2604549855
2604549857
2604549858
2604549875
2604549934
2604549960
2604550015
2604550087
2604550199
2604550203
2604550215
2604550217
2604550252
2604550266
2604550278
2604550283
2604550291
2604550312
2604550313
2604550361
2604550367
2604550372
2604550386
2604550452
2604550460
2604550474
2604550479
2604550506
2604550507
2604550512
2604550545
2604550552
2604550576
2604550663
2604550666
2604550668
2604550669
2604550687
2604550696
2604550706
2604550712
2604550717
2604550725
2604550761
2604550803
2604550813
2604550816
2604550817
2604550818
2604550889
2604550920
2604550929
2604550931
2604550950
2604550953
2604550960
2604550963
2604550967
2604550969
2604550974
2604550975
2604550982
2604550983
2604550990
2604550991
2604550992
2604550998
2604551001
2604551006
2604551011
2604551021
2604551026
2604551027
2604551037
2604551055
2604551063
2604551115
2604551134
2604551136
2604551161
2604551233
2604551236
2604551237
2604551285
2604551313
2604551396
2604551407
2604551430
2604551460
2604551463
2604551466
2604551533
2604551534
2604551548
2604551575
2604551582
2604551611
2604551627
2604551644
2604551654
2604551702
2604551720
2604551723
2604551734
2604551756
2604551792
2604551822
2604551862
2604551904
2604551919
2604551954
2604551982
2604552004
2604552081
2604552091
2604552093
2604552094
2604552158
2604552171
2604552173
2604552180
2604552182
2604552235
2604552258
2604552264
